  0.000000000000000E+000  5.778611330634963E-002
  8.199691800000001E-003  5.768092881162726E-002
  1.639938400000000E-002  5.767936095271736E-002
  2.459907500000000E-002  5.770807091567239E-002
  3.279876700000000E-002  5.772506328081985E-002
  4.099845900000000E-002  5.772620971574640E-002
  4.919815100000000E-002  5.773551469327560E-002
  5.739784200000000E-002  5.773876167308140E-002
  6.559753400000000E-002  5.773380268853510E-002
  7.379722599999999E-002  5.772222356978851E-002
  8.199691800000000E-002  5.770277535737060E-002
  9.019660900000000E-002  5.767918360468246E-002
  9.839630100000001E-002  5.765479241587863E-002
  0.106596000000000       5.762996606857128E-002
  0.114795700000000       5.760493584074187E-002
  0.122995400000000       5.758224615948535E-002
  0.131195100000000       5.756387314928461E-002
  0.139394800000000       5.754856505013538E-002
  0.147594500000000       5.753351857643101E-002
  0.155794100000000       5.751671551575926E-002
  0.163993800000000       5.749784360548368E-002
  0.172193500000000       5.747767894867428E-002
  0.180393200000000       5.745746144645922E-002
  0.188592900000000       5.743925491186466E-002
  0.196792600000000       5.742602094337379E-002
  0.204992300000000       5.742108620400189E-002
  0.213192000000000       5.742719879697181E-002
  0.221391700000000       5.744613398438783E-002
  0.229591400000000       5.747854304937468E-002
  0.237791100000000       5.752365456580653E-002
  0.245990800000000       5.757924936484346E-002
  0.254190400000000       5.764167672620981E-002
  0.262390100000000       5.770656763853797E-002
  0.270589800000000       5.776953853235383E-002
  0.278789500000000       5.782651077425421E-002
  0.286989200000000       5.787397825668764E-002
  0.295188900000000       5.790893412630526E-002
  0.303388600000000       5.792888406985414E-002
  0.311588300000000       5.793167994410216E-002
  0.319788000000000       5.791547607428846E-002
  0.327987700000000       5.787867145539910E-002
  0.336187400000000       5.781990137625377E-002
  0.344387100000000       5.773844706575305E-002
  0.352586700000000       5.763441485771322E-002
  0.360786400000000       5.750919131328100E-002
  0.368986100000000       5.736556598427894E-002
  0.377185800000000       5.720733858847883E-002
  0.385385500000000       5.703883667810696E-002
  0.393585200000000       5.686418198403565E-002
  0.401784900000000       5.668689374616027E-002
  0.409984600000000       5.650959987947807E-002
  0.418184300000000       5.633408222555231E-002
  0.426384000000000       5.616132086518406E-002
  0.434583700000000       5.599148692596533E-002
  0.442783400000000       5.582417468945416E-002
  0.450983000000000       5.565831223036004E-002
  0.459182700000000       5.549246559168451E-002
  0.467382400000000       5.532513620195886E-002
  0.475582100000000       5.515495526813285E-002
  0.483781800000000       5.498101547960139E-002
  0.491981500000000       5.480286073524326E-002
  0.500181200000000       5.462045843225131E-002
  0.508380900000000       5.443387294765212E-002
  0.516580600000000       5.424300236461545E-002
  0.524780300000000       5.404727618444778E-002
  0.532980000000000       5.384548646534010E-002
  0.541179700000000       5.363620232149495E-002
  0.549379300000000       5.341816195302130E-002
  0.557579000000000       5.319114586886130E-002
  0.565778700000000       5.295643214429311E-002
  0.573978400000000       5.271656134351595E-002
  0.582178100000000       5.247464781872166E-002
  0.590377800000000       5.223356459898380E-002
  0.598577500000000       5.199556024454489E-002
  0.606777200000000       5.176250815734156E-002
  0.614976900000000       5.153624280833156E-002
  0.623176600000000       5.131882301200488E-002
  0.631376300000000       5.111238189937795E-002
  0.639576000000000       5.091875839834800E-002
  0.647775700000000       5.073946603153951E-002
  0.655975300000000       5.057552776350143E-002
  0.664175000000000       5.042780240787544E-002
  0.672374700000000       5.029722498922742E-002
  0.680574400000000       5.018472758071375E-002
  0.688774100000000       5.009109645153600E-002
  0.696973800000000       5.001644285485340E-002
  0.705173500000000       4.995989714034924E-002
  0.713373200000000       4.991948611482937E-002
  0.721572900000000       4.989256178480733E-002
  0.729772600000000       4.987640615700231E-002
  0.737972300000000       4.986867378407052E-002
  0.746172000000000       4.986775862557056E-002
  0.754371600000000       4.987244423324383E-002
  0.762571300000000       4.988170187924693E-002
  0.770771000000000       4.989452437699116E-002
  0.778970700000000       4.990987042545598E-002
  0.787170400000000       4.992708036835918E-002
  0.795370100000000       4.994616467809524E-002
  0.803569800000000       4.996809704162008E-002
  0.811769500000000       4.999462216871613E-002
  0.819969200000000       5.002784995519747E-002
  0.828168900000000       5.006962869212146E-002
  0.836368600000000       5.012095517876985E-002
  0.844568300000000       5.018195582331291E-002
  0.852767900000000       5.025183194795554E-002
  0.860967600000000       5.032928223235974E-002
  0.869167300000000       5.041285280856667E-002
  0.877367000000000       5.050097917755594E-002
  0.885566700000000       5.059208395964629E-002
  0.893766400000000       5.068436042391777E-002
  0.901966100000000       5.077573646077897E-002
  0.910165800000000       5.086373276447057E-002
  0.918365500000000       5.094556920371417E-002
  0.926565200000000       5.101822355650484E-002
  0.934764900000000       5.107858589001613E-002
  0.942964600000000       5.112386737572677E-002
  0.951164200000000       5.115186309900858E-002
  0.959363900000000       5.116148221204522E-002
  0.967563600000000       5.115288454606649E-002
  0.975763300000000       5.112800590287845E-002
  0.983963000000000       5.108918528111320E-002
  0.992162700000000       5.104037411703802E-002
   1.00036200000000       5.098516089394276E-002
   1.00856200000000       5.092679886529918E-002
   1.01676200000000       5.086958061888239E-002
   1.02496100000000       5.081664790519108E-002
   1.03316100000000       5.077205161860070E-002
   1.04136100000000       5.073926115162601E-002
   1.04956100000000       5.072215663072086E-002
   1.05776000000000       5.072367487716557E-002
   1.06596000000000       5.074506193181758E-002
   1.07416000000000       5.078791494781302E-002
   1.08235900000000       5.085184343470804E-002
   1.09055900000000       5.093483531064098E-002
   1.09875900000000       5.103542641370312E-002
   1.10695800000000       5.114959399903053E-002
   1.11515800000000       5.127193907421507E-002
   1.12335800000000       5.139713440138752E-002
   1.13155700000000       5.151808821838745E-002
   1.13975700000000       5.162913898294196E-002
   1.14795700000000       5.172556369859210E-002
   1.15615700000000       5.180556721553273E-002
   1.16435600000000       5.186942628707866E-002
   1.17255600000000       5.191845398487868E-002
   1.18075600000000       5.195644072378210E-002
   1.18895500000000       5.198639387753947E-002
   1.19715500000000       5.201013973620208E-002
   1.20535500000000       5.203016276611054E-002
   1.21355400000000       5.204605462633779E-002
   1.22175400000000       5.205579848768813E-002
   1.22995400000000       5.205720393182369E-002
   1.23815300000000       5.204594984914314E-002
   1.24635300000000       5.201890673570659E-002
   1.25455300000000       5.197351880812916E-002
   1.26275300000000       5.190987677346735E-002
   1.27095200000000       5.182956887475512E-002
   1.27915200000000       5.173472927925307E-002
   1.28735200000000       5.162953962266264E-002
   1.29555100000000       5.151691697404897E-002
   1.30375100000000       5.139868621339683E-002
   1.31195100000000       5.127808392584335E-002
   1.32015000000000       5.115668357590524E-002
   1.32835000000000       5.103625896567830E-002
   1.33655000000000       5.091978139919198E-002
   1.34474900000000       5.080846779844221E-002
   1.35294900000000       5.070376034935773E-002
   1.36114900000000       5.060566035759064E-002
   1.36934900000000       5.051440519033895E-002
   1.37754800000000       5.042984689014373E-002
   1.38574800000000       5.035151379408291E-002
   1.39394800000000       5.028089363068810E-002
   1.40214700000000       5.021875642957686E-002
   1.41034700000000       5.016525508122736E-002
   1.41854700000000       5.012195843170980E-002
   1.42674600000000       5.008872077936887E-002
   1.43494600000000       5.006529425518444E-002
   1.44314600000000       5.005251287493508E-002
   1.45134500000000       5.004971692613765E-002
   1.45954500000000       5.005661956584331E-002
   1.46774500000000       5.007136585167955E-002
   1.47594500000000       5.009151305454974E-002
   1.48414400000000       5.011311647161173E-002
   1.49234400000000       5.013079973106981E-002
   1.50054400000000       5.014081203586680E-002
   1.50874300000000       5.013958525764808E-002
   1.51694300000000       5.012455734672183E-002
   1.52514300000000       5.009640813260852E-002
   1.53334200000000       5.005540951639548E-002
   1.54154200000000       5.000234456239561E-002
   1.54974200000000       4.993956016081742E-002
   1.55794100000000       4.986864623970971E-002
   1.56614100000000       4.979307720665611E-002
   1.57434100000000       4.971651860266694E-002
   1.58254100000000       4.964369018746658E-002
   1.59074000000000       4.957835140389449E-002
   1.59894000000000       4.952231336698618E-002
   1.60714000000000       4.947747522797582E-002
   1.61533900000000       4.944355891016421E-002
   1.62353900000000       4.941885446390177E-002
   1.63173900000000       4.940310584144725E-002
   1.63993800000000       4.939468730872603E-002
   1.64813800000000       4.939213363874780E-002
   1.65633800000000       4.939502201870112E-002
   1.66453700000000       4.940118638215644E-002
   1.67273700000000       4.940915307941410E-002
   1.68093700000000       4.941711056659251E-002
   1.68913700000000       4.942477488895957E-002
   1.69733600000000       4.943253693476450E-002
   1.70553600000000       4.944032775532047E-002
   1.71373600000000       4.944961374628413E-002
   1.72193500000000       4.946018549072335E-002
   1.73013500000000       4.947120391715334E-002
   1.73833500000000       4.948350093274371E-002
   1.74653400000000       4.949806925745566E-002
   1.75473400000000       4.951671695759618E-002
   1.76293400000000       4.954447985244173E-002
   1.77113300000000       4.958579435113006E-002
   1.77933300000000       4.964507757846007E-002
   1.78753300000000       4.972709673608683E-002
   1.79573200000000       4.983357407722096E-002
   1.80393200000000       4.996512849107005E-002
   1.81213200000000       5.011980190210423E-002
   1.82033200000000       5.029497801504827E-002
   1.82853100000000       5.048745165816222E-002
   1.83673100000000       5.069349304447466E-002
   1.84493100000000       5.091159849142206E-002
   1.85313000000000       5.114013310827956E-002
   1.86133000000000       5.137734834472331E-002
   1.86953000000000       5.162370549389050E-002
   1.87772900000000       5.187860264665940E-002
   1.88592900000000       5.214130591486534E-002
   1.89412900000000       5.241214230897928E-002
   1.90232800000000       5.268946737992043E-002
   1.91052800000000       5.297191322585160E-002
   1.91872800000000       5.325679916126930E-002
   1.92692800000000       5.354184765227273E-002
   1.93512700000000       5.382506823348096E-002
   1.94332700000000       5.410465663437818E-002
   1.95152700000000       5.438171838322831E-002
   1.95972600000000       5.465697504249394E-002
   1.96792600000000       5.492968887278805E-002
   1.97612600000000       5.519928598849120E-002
   1.98432500000000       5.546204985257819E-002
   1.99252500000000       5.571310646649462E-002
   2.00072500000000       5.594896237851544E-002
   2.00892400000000       5.616536273693085E-002
   2.01712400000000       5.636012755861770E-002
   2.02532400000000       5.653139059519373E-002
   2.03352400000000       5.667881368359569E-002
   2.04172300000000       5.680239428086896E-002
   2.04992300000000       5.690160320350898E-002
   2.05812300000000       5.697792344827786E-002
   2.06632200000000       5.703186157334944E-002
   2.07452200000000       5.706298290017005E-002
   2.08272200000000       5.707236801286043E-002
   2.09092100000000       5.705891964488370E-002
   2.09912100000000       5.702123392803639E-002
   2.10732100000000       5.695944446116546E-002
   2.11552000000000       5.687263799462933E-002
   2.12372000000000       5.676183265673280E-002
   2.13192000000000       5.662824456035953E-002
   2.14012000000000       5.647482767502111E-002
   2.14831900000000       5.630470538396264E-002
   2.15651900000000       5.612044525958872E-002
   2.16471900000000       5.592634018822662E-002
   2.17291800000000       5.572509420525806E-002
   2.18111800000000       5.551819358223739E-002
   2.18931800000000       5.530854779311947E-002
   2.19751700000000       5.509674445381872E-002
   2.20571700000000       5.488311779006391E-002
   2.21391700000000       5.466909441212417E-002
   2.22211600000000       5.445436937293208E-002
   2.23031600000000       5.423974007860052E-002
   2.23851600000000       5.402554956236948E-002
   2.24671600000000       5.381342287978987E-002
   2.25491500000000       5.360485717063577E-002
   2.26311500000000       5.340057939299764E-002
   2.27131500000000       5.320251687454631E-002
   2.27951400000000       5.301056758611022E-002
   2.28771400000000       5.282294975181774E-002
   2.29591400000000       5.263886255860029E-002
   2.30411300000000       5.245542343708091E-002
   2.31231300000000       5.227026203599648E-002
   2.32051300000000       5.208356359616604E-002
   2.32871200000000       5.189585069471368E-002
   2.33691200000000       5.171048658475254E-002
   2.34511200000000       5.153143907435980E-002
   2.35331200000000       5.136388688753910E-002
   2.36151100000000       5.121207985719448E-002
   2.36971100000000       5.107829299985680E-002
   2.37791100000000       5.096475175493026E-002
   2.38611000000000       5.087097266698402E-002
   2.39431000000000       5.079448848589750E-002
   2.40251000000000       5.073370533403908E-002
   2.41070900000000       5.068515073812409E-002
   2.41890900000000       5.064539946620156E-002
   2.42710900000000       5.061237642373662E-002
   2.43530800000000       5.058249646857946E-002
   2.44350800000000       5.055271162121047E-002
   2.45170800000000       5.051875922041537E-002
   2.45990800000000       5.047681952881971E-002
   2.46810700000000       5.042310211339939E-002
   2.47630700000000       5.035419565517862E-002
   2.48450700000000       5.027005202182212E-002
   2.49270600000000       5.017161818564890E-002
   2.50090600000000       5.006101329380110E-002
   2.50910600000000       4.994347585788011E-002
   2.51730500000000       4.982342988951885E-002
   2.52550500000000       4.970565700478170E-002
   2.53370500000000       4.959603349616062E-002
   2.54190400000000       4.949843754608083E-002
   2.55010400000000       4.941658906154436E-002
   2.55830400000000       4.935190141261887E-002
   2.56650400000000       4.930445661383740E-002
   2.57470300000000       4.927190356152956E-002
   2.58290300000000       4.924943790787317E-002
   2.59110300000000       4.923286968839853E-002
   2.59930200000000       4.921704768190446E-002
   2.60750200000000       4.919684918048304E-002
   2.61570200000000       4.916979996671136E-002
   2.62390100000000       4.913282574073393E-002
   2.63210100000000       4.908369047743510E-002
   2.64030100000000       4.902235209755058E-002
   2.64850000000000       4.894856474299951E-002
   2.65670000000000       4.886444968880736E-002
   2.66490000000000       4.877291689238861E-002
   2.67310000000000       4.867884459570920E-002
   2.68129900000000       4.858751190685408E-002
   2.68949900000000       4.850364573865167E-002
   2.69769900000000       4.843318579690957E-002
   2.70589800000000       4.838032381220822E-002
   2.71409800000000       4.834768564512441E-002
   2.72229800000000       4.833854918470921E-002
   2.73049700000000       4.835368196215350E-002
   2.73869700000000       4.839284832794496E-002
   2.74689700000000       4.845606714324532E-002
   2.75509600000000       4.854113680949507E-002
   2.76329600000000       4.864603406044010E-002
   2.77149600000000       4.876759360321887E-002
   2.77969600000000       4.890293113363599E-002
   2.78789500000000       4.904875187767050E-002
   2.79609500000000       4.920080311034931E-002
   2.80429500000000       4.935612154011447E-002
   2.81249400000000       4.951077057579259E-002
   2.82069400000000       4.966013923578715E-002
   2.82889400000000       4.980132386746360E-002
   2.83709300000000       4.993043643874799E-002
   2.84529300000000       5.004412730220667E-002
   2.85349300000000       5.014115332670568E-002
   2.86169200000000       5.022008305527573E-002
   2.86989200000000       5.028145993145523E-002
   2.87809200000000       5.032610862653407E-002
   2.88629200000000       5.035599801509803E-002
   2.89449100000000       5.037299175586467E-002
   2.90269100000000       5.037791691142110E-002
   2.91089100000000       5.037276094750643E-002
   2.91909000000000       5.035785449504587E-002
   2.92729000000000       5.033262865244747E-002
   2.93549000000000       5.029715872222125E-002
   2.94368900000000       5.025020651207499E-002
   2.95188900000000       5.018975809173620E-002
   2.96008900000000       5.011567639523959E-002
   2.96828800000000       5.002675300650835E-002
   2.97648800000000       4.992228104252765E-002
   2.98468800000000       4.980326310394413E-002
   2.99288700000000       4.967035261635636E-002
   3.00108700000000       4.952647623194163E-002
   3.00928700000000       4.937524431524244E-002
   3.01748700000000       4.922155159755453E-002
   3.02568600000000       4.906927437218375E-002
   3.03388600000000       4.892019035094138E-002
   3.04208600000000       4.877584458071491E-002
   3.05028500000000       4.863563271805385E-002
   3.05848500000000       4.849784641572036E-002
   3.06668500000000       4.836220798522443E-002
   3.07488400000000       4.822692604972392E-002
   3.08308400000000       4.809024417565962E-002
   3.09128400000000       4.795162182954672E-002
   3.09948300000000       4.780983121348562E-002
   3.10768300000000       4.766566785362090E-002
   3.11588300000000       4.752086811864584E-002
   3.12408300000000       4.737933416315659E-002
   3.13228200000000       4.724522515606670E-002
   3.14048200000000       4.712141918230740E-002
   3.14868200000000       4.701017369822947E-002
   3.15688100000000       4.691018555066746E-002
   3.16508100000000       4.681737896887696E-002
   3.17328100000000       4.672837887940609E-002
   3.18148000000000       4.663901781496674E-002
   3.18968000000000       4.654664064160252E-002
   3.19788000000000       4.645122254898650E-002
   3.20607900000000       4.635237200642200E-002
   3.21427900000000       4.625115148989112E-002
   3.22247900000000       4.614841276760069E-002
   3.23067900000000       4.604693637937783E-002
   3.23887800000000       4.595041859450519E-002
   3.24707800000000       4.586349718524242E-002
   3.25527800000000       4.579251616780211E-002
   3.26347700000000       4.574256467799829E-002
   3.27167700000000       4.571664353558499E-002
   3.27987700000000       4.571769597678492E-002
   3.28807600000000       4.574610984619883E-002
   3.29627600000000       4.580112826852483E-002
   3.30447600000000       4.588241154525275E-002
   3.31267500000000       4.598749415372729E-002
   3.32087500000000       4.611416090662529E-002
   3.32907500000000       4.625914561653088E-002
   3.33727500000000       4.641956559878751E-002
   3.34547400000000       4.659216969123328E-002
   3.35367400000000       4.677277206951701E-002
   3.36187400000000       4.695834090053683E-002
   3.37007300000000       4.714469870623316E-002
   3.37827300000000       4.732652907741564E-002
   3.38647300000000       4.749942619545165E-002
   3.39467200000000       4.765720019702274E-002
   3.40287200000000       4.779358079336306E-002
   3.41107200000000       4.790448506373318E-002
   3.41927100000000       4.798693451809092E-002
   3.42747100000000       4.804204432710300E-002
   3.43567100000000       4.807339702329926E-002
   3.44387100000000       4.808690237159065E-002
   3.45207000000000       4.808795885578477E-002
   3.46027000000000       4.807978357692402E-002
   3.46847000000000       4.806536558071583E-002
   3.47666900000000       4.804601749727221E-002
   3.48486900000000       4.802255844043923E-002
   3.49306900000000       4.799770817232177E-002
   3.50126800000000       4.797284628470880E-002
   3.50946800000000       4.794866235343390E-002
   3.51766800000000       4.792566622968217E-002
   3.52586700000000       4.790193706447320E-002
   3.53406700000000       4.787589379025323E-002
   3.54226700000000       4.784590519141936E-002
   3.55046700000000       4.781229197628741E-002
   3.55866600000000       4.777625091843381E-002
   3.56686600000000       4.773875887671754E-002
   3.57506600000000       4.770175030243940E-002
   3.58326500000000       4.766561750881655E-002
   3.59146500000000       4.762981916001090E-002
   3.59966500000000       4.759547380582214E-002
   3.60786400000000       4.756281110109913E-002
   3.61606400000000       4.753274688470452E-002
   3.62426400000000       4.750816323070231E-002
   3.63246300000000       4.749184118862514E-002
   3.64066300000000       4.748841809750179E-002
   3.64886300000000       4.750233607470279E-002
   3.65706300000000       4.753805743429627E-002
   3.66526200000000       4.759810565176405E-002
   3.67346200000000       4.768190281160924E-002
   3.68166200000000       4.778751714190300E-002
   3.68986100000000       4.790997522423032E-002
   3.69806100000000       4.804243821627469E-002
   3.70626100000000       4.817956778007531E-002
   3.71446000000000       4.831595284648630E-002
   3.72266000000000       4.844793943942459E-002
   3.73086000000000       4.857491607043226E-002
   3.73905900000000       4.869633352555676E-002
   3.74725900000000       4.881281411837056E-002
   3.75545900000000       4.892385139465800E-002
   3.76365900000000       4.902886210842854E-002
   3.77185800000000       4.912691394926973E-002
   3.78005800000000       4.921701679287668E-002
   3.78825800000000       4.930093357299715E-002
   3.79645700000000       4.938080878892693E-002
   3.80465700000000       4.945885389933200E-002
   3.81285700000000       4.953900785056713E-002
   3.82105600000000       4.962340349407144E-002
   3.82925600000000       4.971339730564369E-002
   3.83745600000000       4.981082654614620E-002
   3.84565500000000       4.991549752606426E-002
   3.85385500000000       5.002761487889591E-002
   3.86205500000000       5.014633201820436E-002
   3.87025500000000       5.027097636053606E-002
   3.87845400000000       5.040003979840022E-002
   3.88665400000000       5.053039946845884E-002
   3.89485400000000       5.065979184666085E-002
   3.90305300000000       5.078491325354348E-002
   3.91125300000000       5.090234224651283E-002
   3.91945300000000       5.101147804569064E-002
   3.92765200000000       5.111152346875378E-002
   3.93585200000000       5.120239541028501E-002
   3.94405200000000       5.128542740423755E-002
   3.95225100000000       5.136022103295896E-002
   3.96045100000000       5.142675799836723E-002
   3.96865100000000       5.148384896825365E-002
   3.97685100000000       5.153059090438022E-002
   3.98505000000000       5.156546442250525E-002
   3.99325000000000       5.158580786082700E-002
   4.00145000000000       5.159015277676412E-002
   4.00964900000000       5.157586436955371E-002
   4.01784900000000       5.153964887965456E-002
   4.02604900000000       5.148021833828038E-002
   4.03424800000000       5.139525380067338E-002
   4.04244800000000       5.128318669754450E-002
   4.05064800000000       5.114455125774646E-002
   4.05884700000000       5.097948757097359E-002
   4.06704700000000       5.079003325668591E-002
   4.07524700000000       5.057832729779594E-002
   4.08344700000000       5.034774547413787E-002
   4.09164600000000       5.010143460135739E-002
   4.09984600000000       4.984187295158989E-002
   4.10804600000000       4.957319286055482E-002
   4.11624500000000       4.929819501150242E-002
   4.12444500000000       4.901923661908617E-002
   4.13264500000000       4.873938254130719E-002
   4.14084400000000       4.845992418321875E-002
   4.14904400000000       4.818081703912611E-002
   4.15724400000000       4.790333539745613E-002
   4.16544300000000       4.762760346860011E-002
   4.17364300000000       4.735525030853369E-002
   4.18184300000000       4.709078668723123E-002
   4.19004200000000       4.683902844885057E-002
   4.19824200000000       4.660617677305618E-002
   4.20644200000000       4.639691133059490E-002
   4.21464200000000       4.621456287305636E-002
   4.22284100000000       4.605940541557439E-002
   4.23104100000000       4.592860187315363E-002
   4.23924100000000       4.581862185103044E-002
   4.24744000000000       4.572386885523173E-002
   4.25564000000000       4.563801573223657E-002
   4.26384000000000       4.555704568868059E-002
   4.27203900000000       4.547693943569126E-002
   4.28023900000000       4.539530082364629E-002
   4.28843900000000       4.531221708367528E-002
   4.29663800000000       4.522760838897642E-002
   4.30483800000000       4.514313727781547E-002
   4.31303800000000       4.506079674294550E-002
   4.32123800000000       4.498442909939092E-002
   4.32943700000000       4.491844712106569E-002
   4.33763700000000       4.486683167521636E-002
   4.34583700000000       4.483435252708930E-002
   4.35403600000000       4.482385280948997E-002
   4.36223600000000       4.483682055493022E-002
   4.37043600000000       4.487607423581107E-002
   4.37863500000000       4.494307290602869E-002
   4.38683500000000       4.503897319169532E-002
   4.39503500000000       4.516509473577079E-002
   4.40323400000000       4.531987901400900E-002
   4.41143400000000       4.550086824712200E-002
   4.41963400000000       4.570370183701687E-002
   4.42783400000000       4.592417857812806E-002
   4.43603300000000       4.615837767418597E-002
   4.44423300000000       4.640242490568192E-002
   4.45243300000000       4.665450904903536E-002
   4.46063200000000       4.691196048618586E-002
   4.46883200000000       4.717059126781303E-002
   4.47703200000000       4.742656419330096E-002
   4.48523100000000       4.767363127784505E-002
   4.49343100000000       4.790483227526426E-002
   4.50163100000000       4.811477220963425E-002
   4.50983000000000       4.829778922212281E-002
   4.51803000000000       4.845081974467619E-002
   4.52623000000000       4.857201678595679E-002
   4.53443000000000       4.866194802979948E-002
   4.54262900000000       4.872245544601405E-002
   4.55082900000000       4.875544123864707E-002
   4.55902900000000       4.876602527628611E-002
   4.56722800000000       4.875838846058075E-002
   4.57542800000000       4.873801782548641E-002
   4.58362800000000       4.871149234590773E-002
   4.59182800000000       4.868353603013235E-002
   4.60002900000000       4.865881672588408E-002
   4.60822900000000       4.864058882535627E-002
   4.61642900000000       4.862981315356946E-002
   4.62462900000000       4.862664854624625E-002
   4.63282900000000       4.863065520633687E-002
   4.64102900000000       4.864035524396912E-002
   4.64923000000000       4.865487643689381E-002
   4.65743000000000       4.867353705059192E-002
   4.66563000000000       4.869461351459503E-002
   4.67383000000000       4.871652337223972E-002
   4.68203000000000       4.873775074455753E-002
   4.69023000000000       4.875657284588749E-002
   4.69843100000000       4.877323897034270E-002
   4.70663100000000       4.879017722411520E-002
   4.71483100000000       4.881089757060216E-002
   4.72303100000000       4.884057610915760E-002
   4.73123100000000       4.888489792487336E-002
   4.73943100000000       4.894862330520531E-002
   4.74763200000000       4.903661326676978E-002
   4.75583200000000       4.915311292503409E-002
   4.76403200000000       4.930013338767124E-002
   4.77223200000000       4.947800356296050E-002
   4.78043200000000       4.968503012985252E-002
   4.78863200000000       4.991744452568257E-002
   4.79683300000000       5.017197823094482E-002
   4.80503300000000       5.044664172427683E-002
   4.81323300000000       5.073976058926825E-002
   4.82143300000000       5.105013416307994E-002
   4.82963300000000       5.137567796395399E-002
   4.83783300000000       5.171198476163549E-002
   4.84603400000000       5.205398661375990E-002
   4.85423400000000       5.239670458267132E-002
   4.86243400000000       5.273512421810498E-002
   4.87063400000000       5.306557408698839E-002
   4.87883400000000       5.338543903013491E-002
   4.88703400000000       5.369168568477534E-002
   4.89523500000000       5.398201185000878E-002
   4.90343500000000       5.425471489867999E-002
   4.91163500000000       5.450753332822473E-002
   4.91983500000000       5.473971266451183E-002
   4.92803500000000       5.495179011879063E-002
   4.93623500000000       5.514489192947119E-002
   4.94443600000000       5.532234941705294E-002
   4.95263600000000       5.548915057146428E-002
   4.96083600000000       5.565017142221697E-002
   4.96903600000000       5.581016815632595E-002
   4.97723600000000       5.597235014505880E-002
   4.98543600000000       5.613671083540475E-002
   4.99363700000000       5.630134513321292E-002
   5.00183700000000       5.646300488835704E-002
   5.01003700000000       5.661723043957214E-002
   5.01823700000000       5.676056481655593E-002
   5.02643700000000       5.689078668265424E-002
   5.03463700000000       5.700596982794100E-002
   5.04283800000000       5.710576631158068E-002
   5.05103800000000       5.719122202318652E-002
   5.05923800000000       5.726379409523516E-002
   5.06743800000000       5.732626744876377E-002
   5.07563800000000       5.738133333288149E-002
   5.08383800000000       5.742916631071772E-002
   5.09203900000000       5.746812656216207E-002
   5.10023900000000       5.749534695898216E-002
   5.10843900000000       5.750784105031458E-002
   5.11663900000000       5.750585149642960E-002
   5.12483900000000       5.749288151883102E-002
   5.13303900000000       5.747311671237471E-002
   5.14124000000000       5.745034952590344E-002
   5.14944000000000       5.742572460383378E-002
   5.15764000000000       5.739648560519423E-002
   5.16584000000000       5.735849872613218E-002
   5.17404000000000       5.730766485385153E-002
   5.18224000000000       5.724001337777091E-002
   5.19044100000000       5.715343626616047E-002
   5.19864100000000       5.704660078767612E-002
   5.20684100000000       5.691811291367185E-002
   5.21504100000000       5.676773993043876E-002
   5.22324100000000       5.659787022918204E-002
   5.23144100000000       5.641201654082296E-002
   5.23964200000000       5.621739519342142E-002
   5.24784200000000       5.602155780046865E-002
   5.25604200000000       5.583111780939785E-002
   5.26424200000000       5.565194771335168E-002
   5.27244200000000       5.548650718278859E-002
   5.28064300000000       5.533580641219549E-002
   5.28884300000000       5.519894112991652E-002
   5.29704300000000       5.507265150775997E-002
   5.30524300000000       5.495307893570148E-002
   5.31344300000000       5.483620556363018E-002
   5.32164300000000       5.471782820045540E-002
   5.32984400000000       5.459552617279068E-002
   5.33804400000000       5.446861589894132E-002
   5.34624400000000       5.433710147496876E-002
   5.35444400000000       5.420242897986675E-002
   5.36264400000000       5.406645545039662E-002
   5.37084400000000       5.392997246243179E-002
   5.37904500000000       5.379369280161286E-002
   5.38724500000000       5.365793076182122E-002
   5.39544500000000       5.352199079489631E-002
   5.40364500000000       5.338583237487358E-002
   5.41184500000000       5.325004198930824E-002
   5.42004500000000       5.311507072465147E-002
   5.42824600000000       5.298232701391907E-002
   5.43644600000000       5.285335348021387E-002
   5.44464600000000       5.272842545426432E-002
   5.45284600000000       5.260751827282081E-002
   5.46104600000000       5.248996426478366E-002
   5.46924600000000       5.237379507256843E-002
   5.47744700000000       5.225733430953071E-002
   5.48564700000000       5.213917269828822E-002
   5.49384700000000       5.201753655753390E-002
   5.50204700000000       5.189172659834928E-002
   5.51024700000000       5.176172122088051E-002
   5.51844700000000       5.162699136461291E-002
   5.52664800000000       5.148742544051770E-002
   5.53484800000000       5.134276511901131E-002
   5.54304800000000       5.119178351963503E-002
   5.55124800000000       5.103386301673639E-002
   5.55944800000000       5.086887858274281E-002
   5.56764800000000       5.069645007411409E-002
   5.57584900000000       5.051753316152489E-002
   5.58404900000000       5.033455930796529E-002
   5.59224900000000       5.015106745837838E-002
   5.60044900000000       4.997300171174823E-002
   5.60864900000000       4.980728000744162E-002
   5.61684900000000       4.965926472763559E-002
   5.62505000000000       4.953283176116005E-002
   5.63325000000000       4.942990822802291E-002
   5.64145000000000       4.935050134804659E-002
   5.64965000000000       4.929496251285338E-002
   5.65785000000000       4.926405045653429E-002
   5.66605000000000       4.925783122111316E-002
   5.67425100000000       4.927636334782917E-002
   5.68245100000000       4.931895164141711E-002
   5.69065100000000       4.938318193062786E-002
   5.69885100000000       4.946629427679720E-002
   5.70705100000000       4.956529178328913E-002
   5.71525100000000       4.967649751205955E-002
   5.72345200000000       4.979691307720301E-002
   5.73165200000000       4.992397957939155E-002
   5.73985200000000       5.005472585001152E-002
   5.74805200000000       5.018701607561078E-002
   5.75625200000000       5.031955775624779E-002
   5.76445200000000       5.045116530420634E-002
   5.77265300000000       5.058151553147887E-002
   5.78085300000000       5.071016557594900E-002
   5.78905300000000       5.083506794804006E-002
   5.79725300000000       5.095357875545635E-002
   5.80545300000000       5.106274168207151E-002
   5.81365300000000       5.115922046478669E-002
   5.82185400000000       5.124106826212298E-002
   5.83005400000000       5.130777420878299E-002
   5.83825400000000       5.135941874479359E-002
   5.84645400000000       5.139754146128932E-002
   5.85465400000000       5.142450244886674E-002
   5.86285400000000       5.144196418269904E-002
   5.87105500000000       5.145161654692680E-002
   5.87925500000000       5.145430127098961E-002
   5.88745500000000       5.144954384702517E-002
   5.89565500000000       5.143671021484996E-002
   5.90385500000000       5.141626460161906E-002
   5.91205500000000       5.138860729109141E-002
   5.92025600000000       5.135695914591699E-002
   5.92845600000000       5.132536681096286E-002
   5.93665600000000       5.129800431699614E-002
   5.94485600000000       5.127952774190015E-002
   5.95305600000000       5.127201749840290E-002
   5.96125700000000       5.127625882946510E-002
   5.96945700000000       5.129113572335092E-002
   5.97765700000000       5.131332824999083E-002
   5.98585700000000       5.133922448154968E-002
   5.99405700000000       5.136541649295882E-002
   6.00225700000000       5.138827204542195E-002
   6.01045800000000       5.140526203015154E-002
   6.01865800000000       5.141451343821308E-002
   6.02685800000000       5.141373394137985E-002
   6.03505800000000       5.140149327829006E-002
   6.04325800000000       5.137713512226767E-002
   6.05145800000000       5.133995204248881E-002
   6.05965900000000       5.129039533265375E-002
   6.06785900000000       5.122940067207512E-002
   6.07605900000000       5.115725732121226E-002
   6.08425900000000       5.107493116955654E-002
   6.09245900000000       5.098409014486505E-002
   6.10065900000000       5.088635881770058E-002
   6.10886000000000       5.078478215266915E-002
   6.11706000000000       5.068329642427005E-002
   6.12526000000000       5.058493162232371E-002
   6.13346000000000       5.049391750975599E-002
   6.14166000000000       5.041199517632461E-002
   6.14986000000000       5.034361793337032E-002
   6.15806100000000       5.028377027667057E-002
   6.16626100000000       5.024429762454199E-002
   6.17446100000000       5.020240308480494E-002
   6.18266100000000       5.018986482871159E-002
   6.19086100000000       5.018354442345029E-002
   6.19906100000000       5.014620619256790E-002
   6.20726200000000       5.280603434374263E-002
   6.21546200000000       8.751149923301972E-002
   6.22366200000000       0.167099734609444     
   6.23186200000000       0.346488701647659     
   6.24006200000000       0.759435585446877     
   6.24826200000000        1.19460618912681     
   6.25646300000000        1.65273745593433     
   6.26466300000000        1.93650660377692     
   6.27286300000000        1.98097249104264     
   6.28106300000000        1.59624303249343     
   6.28926300000000       0.957606534137659     
   6.29746300000000       0.476491140689286     
   6.30566400000000       0.209352858882967     
   6.31386400000000       8.175499392985314E-002
   6.32206400000000       6.500802703126268E-002
   6.33026400000000       6.390129546646886E-002
   6.33846400000000       6.319975652194615E-002
   6.34666400000000       6.272868048464238E-002
   6.35486500000000       6.253315645352676E-002
   6.36306500000000       6.257155212221477E-002
   6.37126500000000       6.282708387334145E-002
   6.37946500000000       6.323491635228701E-002
   6.38766500000000       6.372124903320046E-002
   6.39586500000000       6.422978435595147E-002
   6.40406600000000       6.473742683381267E-002
   6.41226600000000       6.523596583048173E-002
   6.42046600000000       6.571714488437511E-002
   6.42866600000000       6.616705181833615E-002
   6.43686600000000       6.657609751291700E-002
   6.44506600000000       6.693230005967032E-002
   6.45326700000000       6.721806056009956E-002
   6.46146700000000       6.743230386135260E-002
   6.46966700000000       6.759158342486483E-002
   6.47786700000000       6.770098547061647E-002
   6.48606700000000       6.773898425129087E-002
   6.49426700000000       6.766143491269293E-002
   6.50246800000000       6.743455168968182E-002
   6.51066800000000       6.707770165495766E-002
   6.51886800000000       6.666837738252955E-002
   6.52706800000000       6.631301062267414E-002
   6.53526800000000       6.611915042128926E-002
   6.54346800000000       6.615342573271482E-002
   6.55166900000000       6.641358658604254E-002
   6.55986900000000       6.683964688557241E-002
   6.56806900000000       6.732849538851854E-002
   6.57626900000000       6.775863849608597E-002
   6.58446900000000       6.803576172231732E-002
   6.59266900000000       6.812620706338185E-002
   6.60087000000000       6.806154307192029E-002
   6.60907000000000       6.791108517720082E-002
   6.61727000000000       6.772905384050640E-002
   6.62547000000000       6.752894673400756E-002
   6.63367000000000       6.731341313204733E-002
   6.64187000000000       6.709728291024968E-002
   6.65007100000000       6.690884855869665E-002
   6.65827100000000       6.677838730389470E-002
   6.66647100000000       6.672420452779063E-002
   6.67467100000000       6.674596043792057E-002
   6.68287100000000       6.683989601748939E-002
   6.69107200000000       6.698980230968671E-002
   6.69927200000000       6.718528441564967E-002
   6.70747200000000       6.743353458094638E-002
   6.71567200000000       6.774382996183903E-002
   6.72387200000000       6.811878657863474E-002
   6.73207200000000       6.854090059308583E-002
   6.74027300000000       6.898009364165630E-002
   6.74847300000000       6.940232642981561E-002
   6.75667300000000       6.976338741630103E-002
   6.76487300000000       7.000696939951376E-002
   6.77307300000000       7.008541314663730E-002
   6.78127300000000       6.998082776057948E-002
   6.78947400000000       6.971658879919858E-002
   6.79767400000000       6.934382657360366E-002
   6.80587400000000       6.890452692417719E-002
   6.81407400000000       6.842189462467976E-002
   6.82227400000000       6.792864477739756E-002
   6.83047400000000       6.747656883094505E-002
   6.83867500000000       6.711742339607331E-002
   6.84687500000000       6.687813239063725E-002
   6.85507500000000       6.674487459098376E-002
   6.86327500000000       6.667502466824281E-002
   6.87147500000000       6.662746022304979E-002
   6.87967500000000       6.657549898250040E-002
   6.88787600000000       6.651272318886238E-002
   6.89607600000000       6.646019971901997E-002
   6.90427600000000       6.645529465331192E-002
   6.91247600000000       6.652745694557941E-002
   6.92067600000000       6.668906503189731E-002
   6.92887600000000       6.693964732980676E-002
   6.93707700000000       6.727267096787423E-002
   6.94527700000000       6.768186016805261E-002
   6.95347700000000       6.814826862078421E-002
   6.96167700000000       6.863374558865673E-002
   6.96987700000000       6.910146025297552E-002
   6.97807700000000       6.953301189633386E-002
   6.98627800000000       6.993036363603714E-002
   6.99447800000000       7.030806772970670E-002
   7.00267800000000       7.067668301647009E-002
   7.01087800000000       7.104284260148176E-002
   7.01907800000000       7.142054163740560E-002
   7.02727800000000       7.181426484756047E-002
   7.03547900000000       7.219747447525340E-002
   7.04367900000000       7.251782662185549E-002
   7.05187900000000       7.271421541296767E-002
   7.06007900000000       7.274544080717361E-002
   7.06827900000000       7.262214502902455E-002
   7.07647900000000       7.240158781517397E-002
   7.08468000000000       7.215185703340556E-002
   7.09288000000000       7.191857793384117E-002
   7.10108000000000       7.170746585346850E-002
   7.10928000000000       7.150515667507172E-002
   7.11748000000000       7.131897470269048E-002
   7.12568000000000       7.117449729667565E-002
   7.13388100000000       7.108795363194878E-002
   7.14208100000000       7.105786046625898E-002
   7.15028100000000       7.106661710431056E-002
   7.15848100000000       7.108893137869778E-002
   7.16668100000000       7.110989552862389E-002
   7.17488100000000       7.112375021779635E-002
   7.18308200000000       7.112108251015917E-002
   7.19128200000000       7.108872020265915E-002
   7.19948200000000       7.100926979443153E-002
   7.20768200000000       7.086692604744158E-002
   7.21588200000000       7.066555831845947E-002
   7.22408200000000       7.043125707996452E-002
   7.23228300000000       7.020392511744708E-002
   7.24048300000000       7.002998470831061E-002
   7.24868300000000       6.994133849213609E-002
   7.25688300000000       6.993726447906362E-002
   7.26508300000000       6.999182356196813E-002
   7.27328300000000       7.006687361223972E-002
   7.28148400000000       7.012966754429545E-002
   7.28968400000000       7.016556448634416E-002
   7.29788400000000       7.016577292780551E-002
   7.30608400000000       7.012279591874829E-002
   7.31428400000000       7.004242506794467E-002
   7.32248400000000       6.994059043785406E-002
   7.33068500000000       6.983265711293535E-002
   7.33888500000000       6.973284667754177E-002
   7.34708500000000       6.964933642267278E-002
   7.35528500000000       6.957615244550056E-002
   7.36348500000000       6.951056533843054E-002
   7.37168600000000       6.944089667681559E-002
   7.37988600000000       6.934776808932656E-002
   7.38808600000000       6.920781788847254E-002
   7.39628600000000       6.899802698088413E-002
   7.40448600000000       6.871845790180611E-002
   7.41268600000000       6.837956235412536E-002
   7.42088700000000       6.799393573591060E-002
   7.42908700000000       6.757300677720851E-002
   7.43728700000000       6.712103459006875E-002
   7.44548700000000       6.663656291696893E-002
   7.45368700000000       6.612994325824197E-002
   7.46188700000000       6.562268286622468E-002
   7.47008800000000       6.514060435200303E-002
   7.47828800000000       6.471156047873936E-002
   7.48648800000000       6.435140385363719E-002
   7.49468800000000       6.406296969368984E-002
   7.50288800000000       6.385377592555669E-002
   7.51108800000000       6.373390109875297E-002
   7.51928900000000       6.370429011492719E-002
   7.52748900000000       6.376107236419527E-002
   7.53568900000000       6.389669248717469E-002
   7.54388900000000       6.409622179720174E-002
   7.55208900000000       6.434074659421003E-002
   7.56028900000000       6.460078072705898E-002
   7.56849000000000       6.483446679121503E-002
   7.57669000000000       6.500894890180692E-002
   7.58489000000000       6.511068939962961E-002
   7.59309000000000       6.514597636199256E-002
   7.60129000000000       6.514131882555105E-002
   7.60949000000000       6.513076382342133E-002
   7.61769100000000       6.514167537566529E-002
   7.62589100000000       6.518926279078646E-002
   7.63409100000000       6.526070908510273E-002
   7.64229100000000       6.530851717641782E-002
   7.65049100000000       6.527463864489838E-002
   7.65869100000000       6.512081163590801E-002
   7.66689200000000       6.484667726746639E-002
   7.67509200000000       6.448872687847319E-002
   7.68329200000000       6.409239511425052E-002
   7.69149200000000       6.368876293616080E-002
   7.69969200000000       6.329985525511279E-002
   7.70789200000000       6.294982436017409E-002
   7.71609300000000       6.266765515052729E-002
   7.72429300000000       6.247772243554314E-002
   7.73249300000000       6.237602287316353E-002
   7.74069300000000       6.232991208058888E-002
   7.74889300000000       6.231044670733979E-002
   7.75709300000000       6.230987359731280E-002
   7.76529400000000       6.233631317154015E-002
   7.77349400000000       6.240268141546523E-002
   7.78169400000000       6.251060748802124E-002
   7.78989400000000       6.264762705053857E-002
   7.79809400000000       6.280096429812269E-002
   7.80629400000000       6.295485128472765E-002
   7.81449500000000       6.309034030290937E-002
   7.82269500000000       6.320057028255420E-002
   7.83089500000000       6.328693467554222E-002
   7.83909500000000       6.334588029129855E-002
   7.84729500000000       6.337290559081064E-002
   7.85549500000000       6.336468054096897E-002
   7.86369600000000       6.332113917659614E-002
   7.87189600000000       6.325319477659802E-002
   7.88009600000000       6.317356128037846E-002
   7.88829600000000       6.308551393404800E-002
   7.89649600000000       6.299030806595116E-002
   7.90469600000000       6.289099845861335E-002
   7.91289700000000       6.279692971544787E-002
   7.92109700000000       6.273390850106592E-002
   7.92929700000000       6.273109567727911E-002
   7.93749700000000       6.280289802811725E-002
   7.94569700000000       6.295513918934378E-002
   7.95389700000000       6.319119266957499E-002
   7.96209800000000       6.351154169636186E-002
   7.97029800000000       6.391291605789018E-002
   7.97849800000000       6.437635577504722E-002
   7.98669800000000       6.486779344821597E-002
   7.99489800000000       6.536141309919566E-002
   8.00309800000000       6.584539054431041E-002
   8.01129900000000       6.631665244010214E-002
   8.01949900000000       6.678783279174751E-002
   8.02769900000000       6.727380795665382E-002
   8.03589900000000       6.778530017011093E-002
   8.04410000000000       6.831962959823247E-002
   8.05229900000000       6.886658773545502E-002
   8.06049900000000       6.941664488967231E-002
   8.06870000000000       6.994879252004554E-002
   8.07690000000000       7.045841992467003E-002
   8.08510000000000       7.093649252669554E-002
   8.09330000000000       7.138132953636968E-002
   8.10150100000000       7.180699024329679E-002
   8.10970100000000       7.222073131057102E-002
   8.11790100000000       7.261655161662922E-002
   8.12610100000000       7.296319156487427E-002
   8.13430100000000       7.324004431506853E-002
   8.14250200000000       7.343325574343693E-002
   8.15070200000000       7.354045687966651E-002
   8.15890100000000       7.358319190201935E-002
   8.16710200000000       7.357556631942604E-002
   8.17530300000000       7.352308522838735E-002
   8.18350200000000       7.343335180020055E-002
   8.19170200000000       7.330361924220201E-002
   8.19990300000000       7.313582421378538E-002
   8.20810300000000       7.294644698327962E-002
   8.21630300000000       7.274574416350554E-002
   8.22450300000000       7.253293148714596E-002
   8.23270300000000       7.230500795510572E-002
   8.24090400000000       7.205696112375802E-002
   8.24910400000000       7.179953048117692E-002
   8.25730300000000       7.156231466178417E-002
   8.26550400000000       7.135887339027971E-002
   8.27370500000000       7.118469660714849E-002
   8.28190400000000       7.102767698901991E-002
   8.29010400000000       7.085905585031604E-002
   8.29830500000000       7.065415073075841E-002
   8.30650500000000       7.041366157087561E-002
   8.31470500000000       7.014386829397225E-002
   8.32290500000000       6.985238350060782E-002
   8.33110500000000       6.955357956777183E-002
   8.33930600000000       6.925708125537862E-002
   8.34750600000000       6.897522793393006E-002
   8.35570500000000       6.872575071070317E-002
   8.36390600000000       6.851124274605365E-002
   8.37210700000000       6.832687483259647E-002
   8.38030600000000       6.817113878428586E-002
   8.38850600000000       6.803546378781754E-002
   8.39670700000000       6.791854507092790E-002
   8.40490700000000       6.783628700348460E-002
   8.41310700000000       6.779583726740046E-002
   8.42130700000000       6.778774718572927E-002
   8.42950700000000       6.779057320136618E-002
   8.43770800000000       6.776602030084308E-002
   8.44590800000000       6.768094691674548E-002
   8.45410700000000       6.752569259876957E-002
   8.46230800000000       6.730036968530731E-002
   8.47050900000000       6.701573057278133E-002
   8.47870800000000       6.669316566533881E-002
   8.48690800000000       6.634287616174274E-002
   8.49510900000000       6.596827695253756E-002
   8.50330900000000       6.557597285556233E-002
   8.51150900000000       6.516474956517106E-002
   8.51970900000000       6.473645886503122E-002
   8.52790900000000       6.430551751463830E-002
   8.53611000000000       6.388393879612560E-002
   8.54431000000000       6.348397047955720E-002
   8.55250900000000       6.311694932110211E-002
   8.56071000000000       6.277806448457210E-002
   8.56891100000000       6.246520612938027E-002
   8.57711000000000       6.219866943590041E-002
   8.58531000000000       6.199295785266121E-002
   8.59351000000000       6.185728014689576E-002
   8.60171000000000       6.179335634758050E-002
   8.60991000000000       6.178089813561321E-002
   8.61811000000000       6.180379375464063E-002
   8.62631000000000       6.184838970942395E-002
   8.63451000000000       6.190366431087132E-002
   8.64271000000000       6.195893943873375E-002
   8.65090900000000       6.200707062229018E-002
   8.65910900000000       6.205531369127655E-002
   8.66731000000000       6.211456257131546E-002
   8.67550900000000       6.221173664655318E-002
   8.68370900000000       6.236704527724005E-002
   8.69191000000000       6.257028162388206E-002
   8.70010900000000       6.280822048740695E-002
   8.70830900000000       6.304802619206416E-002
   8.71650900000000       6.325695553190792E-002
   8.72470900000000       6.342360501902533E-002
   8.73290900000000       6.353773107154866E-002
   8.74110900000000       6.360935919969060E-002
   8.74930900000000       6.366217001063854E-002
   8.75750900000000       6.371595541483467E-002
   8.76570900000000       6.377767651597818E-002
   8.77390900000000       6.383705001890574E-002
   8.78210800000000       6.388237860484060E-002
   8.79030800000000       6.390579658790976E-002
   8.79850900000000       6.389300733964653E-002
   8.80670800000000       6.383999075732347E-002
   8.81490800000000       6.375087004656999E-002
   8.82310900000000       6.362876123504783E-002
   8.83130800000000       6.349498134454863E-002
   8.83950800000000       6.335941801376682E-002
   8.84770800000000       6.321815122577806E-002
   8.85590700000000       6.307880023974367E-002
   8.86410800000000       6.292908880359868E-002
   8.87230800000000       6.274904584041585E-002
   8.88050700000000       6.252945931723670E-002
   8.88870800000000       6.225314569585392E-002
   8.89690800000000       6.192424546657052E-002
   8.90510700000000       6.156644287509770E-002
   8.91330700000000       6.118938871191536E-002
   8.92150700000000       6.080767463786656E-002
   8.92970800000000       6.042035866653075E-002
   8.93790700000000       6.002065317902010E-002
   8.94610700000000       5.961921571618225E-002
   8.95430800000000       5.922014297427773E-002
   8.96250700000000       5.884590760499752E-002
   8.97070700000000       5.850513039798928E-002
   8.97890700000000       5.817990474727762E-002
   8.98710600000000       5.785763107756379E-002
   8.99530700000000       5.751138703591429E-002
   9.00350700000000       5.712685971776475E-002
   9.01170600000000       5.671978475460210E-002
   9.01990700000000       5.630427708189819E-002
   9.02810700000000       5.590388679014943E-002
   9.03630600000000       5.554276823673010E-002
   9.04450600000000       5.522427290880311E-002
   9.05270600000000       5.494986278706951E-002
   9.06090600000000       5.471324304930729E-002
   9.06910600000000       5.450054053948608E-002
   9.07730600000000       5.430576730088518E-002
   9.08550600000000       5.413060202621765E-002
   9.09370600000000       5.398567281913390E-002
   9.10190600000000       5.388779269842169E-002
   9.11010600000000       5.384310264784031E-002
   9.11830500000000       5.385085840474842E-002
   9.12650600000000       5.389679555304626E-002
   9.13470600000000       5.395755122301246E-002
   9.14290500000000       5.402497145262714E-002
   9.15110600000000       5.408421088819464E-002
   9.15930600000000       5.412785124343689E-002
   9.16750500000000       5.415349114643547E-002
   9.17570500000000       5.414433217044727E-002
   9.18390500000000       5.409781719411913E-002
   9.19210500000000       5.402418718733679E-002
   9.20030500000000       5.394052045169701E-002
   9.20850500000000       5.387107982087827E-002
   9.21670500000000       5.383437863760221E-002
   9.22490500000000       5.384582930899016E-002
   9.23310500000000       5.391213530077055E-002
   9.24130400000000       5.402865722266098E-002
   9.24950400000000       5.418591230266834E-002
   9.25770500000000       5.436843723602992E-002
   9.26590400000000       5.457832050259610E-002
   9.27410400000000       5.482639049739371E-002
   9.28230500000000       5.511344725076490E-002
   9.29050400000000       5.544839071296839E-002
   9.29870400000000       5.582452249776149E-002
   9.30690400000000       5.623073305928556E-002
   9.31510400000000       5.666433065288361E-002
   9.32330400000000       5.710458190199679E-002
   9.33150400000000       5.752596287242737E-002
   9.33970400000000       5.790025108505368E-002
   9.34790400000000       5.820698071683254E-002
   9.35610400000000       5.844742356441592E-002
   9.36430400000000       5.863318864527815E-002
   9.37250300000000       5.877695001500313E-002
   9.38070300000000       5.888468288484299E-002
   9.38890400000000       5.895055175056353E-002
   9.39710300000000       5.897731569630967E-002
   9.40530300000000       5.897072868421091E-002
   9.41350400000000       5.893126103768973E-002
   9.42170300000000       5.888005493041312E-002
   9.42990300000000       5.883116569573020E-002
   9.43810300000000       5.878040721253217E-002
   9.44630200000000       5.872739068855991E-002
   9.45450300000000       5.865580376170891E-002
   9.46270300000000       5.855292520141094E-002
   9.47090200000000       5.842328427217435E-002
   9.47910300000000       5.826191777187967E-002
   9.48730300000000       5.807627624689697E-002
   9.49550200000000       5.788343753053667E-002
   9.50370200000000       5.768521019913880E-002
   9.51190200000000       5.749835170761181E-002
   9.52010300000000       5.733777931659582E-002
   9.52830200000000       5.721359454094481E-002
   9.53650200000000       5.713722562282768E-002
   9.54470300000000       5.709568290080200E-002
   9.55290200000000       5.708388130326961E-002
   9.56110200000000       5.708852149694597E-002
   9.56930200000000       5.708597146870809E-002
   9.57750100000000       5.707113100599617E-002
   9.58570200000000       5.703266027547633E-002
   9.59390200000000       5.696983946176230E-002
   9.60210100000000       5.689927918156120E-002
   9.61030200000000       5.682134949728569E-002
   9.61850200000000       5.673642176204521E-002
   9.62670100000000       5.664527898152197E-002
   9.63490100000000       5.653455368702615E-002
   9.64310100000000       5.640049906702293E-002
   9.65130100000000       5.624181719718591E-002
   9.65950100000000       5.605424342617780E-002
   9.66770100000000       5.584158696681037E-002
   9.67590100000000       5.561096237676989E-002
   9.68410100000000       5.537438163038390E-002
   9.69230100000000       5.513979356168099E-002
   9.70050000000000       5.491143300006290E-002
   9.70870000000000       5.469060681479897E-002
   9.71690100000000       5.447462288632433E-002
   9.72510100000000       5.426520504162798E-002
   9.73330000000000       5.406674630392350E-002
   9.74150100000000       5.387604357460852E-002
   9.74970100000000       5.369064153847507E-002
   9.75790000000000       5.351684968162136E-002
   9.76610000000000       5.335083465004035E-002
   9.77430000000000       5.319049045139871E-002
   9.78250000000000       5.302988595107265E-002
   9.79070000000000       5.285645687603482E-002
   9.79890000000000       5.266782506268473E-002
   9.80710000000000       5.246542216589965E-002
   9.81530000000000       5.225748353267223E-002
   9.82350000000000       5.205397392184875E-002
   9.83169900000000       5.186838440228071E-002
   9.83989900000000       5.171254338790986E-002
   9.84810000000000       5.158428484633191E-002
   9.85629900000000       5.147632037646777E-002
   9.86449900000000       5.137944033942249E-002
   9.87270000000000       5.128021005213126E-002
   9.88089900000000       5.118335230355044E-002
   9.88909900000000       5.108872670242411E-002
   9.89729900000000       5.099731862284759E-002
   9.90549900000000       5.092557792209085E-002
   9.91369900000000       5.087912032105776E-002
   9.92189900000000       5.086302786653610E-002
   9.93009900000000       5.087498136350907E-002
   9.93829900000000       5.090657902969521E-002
   9.94649900000000       5.095136799898464E-002
   9.95469900000000       5.099837008515511E-002
   9.96289800000000       5.103673812846682E-002
   9.97109800000000       5.105971799420449E-002
   9.97929900000000       5.106281075293798E-002
   9.98749800000000       5.105716980847810E-002
   9.99569800000000       5.105822440841914E-002
   10.0039000000000       5.106732414518904E-002
   10.0121000000000       5.109186899665141E-002
   10.0203000000000       5.112842602346803E-002
   10.0285000000000       5.116943262025979E-002
   10.0367000000000       5.122332931428176E-002
   10.0449000000000       5.129370716395413E-002
   10.0531000000000       5.138194304823008E-002
   10.0613000000000       5.148310141157517E-002
   10.0695000000000       5.158678801361119E-002
   10.0777000000000       5.168332073745874E-002
   10.0859000000000       5.176090599205643E-002
   10.0941000000000       5.180688455878853E-002
   10.1023000000000       5.181149020076858E-002
   10.1105000000000       5.177577279032168E-002
   10.1187000000000       5.171197354291169E-002
   10.1269000000000       5.163766323706850E-002
   10.1351000000000       5.156905028813480E-002
   10.1433000000000       5.151739395712526E-002
   10.1515000000000       5.148600089586634E-002
   10.1597000000000       5.146806732628090E-002
   10.1679000000000       5.144874390098157E-002
   10.1761000000000       5.141402233260851E-002
   10.1843000000000       5.136081483407771E-002
   10.1925000000000       5.129812233387598E-002
   10.2007000000000       5.123520844116701E-002
   10.2089000000000       5.117209078693375E-002
   10.2171000000000       5.110382769557045E-002
   10.2253000000000       5.102938646225730E-002
   10.2335000000000       5.095332643608722E-002
   10.2417000000000       5.088123525057750E-002
   10.2499000000000       5.081412265564994E-002
   10.2581000000000       5.074598029410091E-002
   10.2663000000000       5.066814481171922E-002
   10.2745000000000       5.057621887166082E-002
   10.2827000000000       5.047374311855898E-002
   10.2909000000000       5.037128611650504E-002
   10.2991000000000       5.028480477243381E-002
   10.3073000000000       5.023010869779896E-002
   10.3155000000000       5.021405236951123E-002
   10.3237000000000       5.023599183924681E-002
   10.3319000000000       5.028208922185538E-002
   10.3401000000000       5.034954162640159E-002
   10.3483000000000       5.042547067219295E-002
   10.3564900000000       5.050666988962065E-002
   10.3646900000000       5.061759550062080E-002
   10.3729000000000       5.072293456829612E-002
   10.3810900000000       5.085470337287948E-002
   10.3892900000000       5.104377307651559E-002
   10.3975000000000       5.122888834709179E-002
   10.4056900000000       5.148310991653238E-002
   10.4138900000000       5.179284791926510E-002
   10.4220900000000       5.210971482827317E-002
   10.4302900000000       5.247298943861885E-002
   10.4384900000000       5.282835680617010E-002
   10.4466900000000       5.316644987226306E-002
   10.4548900000000       5.347554356639620E-002
   10.4630900000000       5.373664587540099E-002
   10.4712900000000       5.395894395709840E-002
   10.4794900000000       5.414743575672211E-002
   10.4876900000000       5.431659979005835E-002
   10.4958900000000       5.446883228518203E-002
   10.5040900000000       5.460383921498917E-002
   10.5122900000000       5.471545874531947E-002
   10.5204900000000       5.479799344262167E-002
   10.5286900000000       5.484515470859006E-002
   10.5368900000000       5.485145288434459E-002
   10.5450900000000       5.481242971091230E-002
   10.5532900000000       5.472904081303191E-002
   10.5614900000000       5.461064872062645E-002
   10.5696900000000       5.447300732713099E-002
   10.5778900000000       5.433007212036583E-002
   10.5860900000000       5.418696768990294E-002
   10.5942900000000       5.403951342560981E-002
   10.6024900000000       5.388048335132976E-002
   10.6106900000000       5.370729461369123E-002
   10.6188900000000       5.352480822683791E-002
   10.6270900000000       5.334129370508277E-002
   10.6352900000000       5.316279142023427E-002
   10.6434900000000       5.299455794869185E-002
   10.6516900000000       5.284264420987499E-002
   10.6598900000000       5.271216537516952E-002
   10.6680900000000       5.260527343314438E-002
   10.6762900000000       5.252100755546683E-002
   10.6844900000000       5.245594871906061E-002
   10.6926900000000       5.240562396678981E-002
   10.7008900000000       5.236607645437508E-002
   10.7090900000000       5.233419292568961E-002
   10.7172900000000       5.230519925387615E-002
   10.7254900000000       5.227272398049333E-002
   10.7336900000000       5.223201070624189E-002
   10.7418900000000       5.218563835046731E-002
   10.7500900000000       5.214081723280450E-002
   10.7582900000000       5.210833444376630E-002
   10.7664900000000       5.209640457165136E-002
   10.7746900000000       5.210199152292870E-002
   10.7828900000000       5.212601750144159E-002
   10.7910900000000       5.214112993386961E-002
   10.7992900000000       5.215946664936116E-002
   10.8075000000000       5.215369191930453E-002
   10.8156900000000       5.211756511220070E-002
   10.8238900000000       5.210384644921546E-002
   10.8321000000000       5.204316611623976E-002
   10.8402900000000       5.201621063334052E-002
   10.8485000000000       5.202739242878807E-002
   10.8567000000000       5.201126782513899E-002
   10.8648900000000       5.205344468993543E-002
   10.8731000000000       5.207474654680314E-002
   10.8813000000000       5.204835815820715E-002
   10.8894900000000       5.203014975211773E-002
   10.8977000000000       5.196405359792790E-002
   10.9059000000000       5.185512620135346E-002
   10.9140900000000       5.177600003563450E-002
   10.9223000000000       5.166970002584344E-002
   10.9305000000000       5.155336741767574E-002
   10.9387000000000       5.146686399699602E-002
   10.9469000000000       5.136379152650868E-002
   10.9551000000000       5.128673204787900E-002
   10.9633000000000       5.123037307363860E-002
   10.9715000000000       5.118482067255920E-002
   10.9797000000000       5.114964936278135E-002
   10.9879000000000       5.110697541367175E-002
   10.9961000000000       5.105238915272865E-002
   11.0043000000000       5.097865237286617E-002
   11.0125000000000       5.089153875070789E-002
   11.0207000000000       5.079772963316004E-002
   11.0289000000000       5.070352972933968E-002
   11.0371000000000       5.060687140807230E-002
   11.0453000000000       5.049966075911867E-002
   11.0535000000000       5.037095812843050E-002
   11.0617000000000       5.021345239232456E-002
   11.0699000000000       5.002708588265119E-002
   11.0781000000000       4.982050406146677E-002
   11.0863000000000       4.960883879663750E-002
   11.0945000000000       4.940897501037454E-002
   11.1027000000000       4.923326835779016E-002
   11.1109000000000       4.908502708291512E-002
   11.1191000000000       4.895939916242538E-002
   11.1273000000000       4.884929165724203E-002
   11.1355000000000       4.875028803792926E-002
   11.1437000000000       4.866163889619768E-002
   11.1519000000000       4.858559475628427E-002
   11.1601000000000       4.852621602832113E-002
   11.1683000000000       4.848675051908478E-002
   11.1765000000000       4.846690908130599E-002
   11.1847000000000       4.846187078010550E-002
   11.1929000000000       4.846446270446093E-002
   11.2011000000000       4.846772280665910E-002
   11.2093000000000       4.846576343989882E-002
   11.2175000000000       4.845379305293596E-002
   11.2257000000000       4.842702169535746E-002
   11.2339000000000       4.837970704370013E-002
   11.2421000000000       4.830539465021048E-002
   11.2503000000000       4.819921953878913E-002
   11.2585000000000       4.806075069507007E-002
   11.2667000000000       4.789526503392316E-002
   11.2749000000000       4.771240737441446E-002
   11.2831000000000       4.752332870834044E-002
   11.2913000000000       4.733713409677479E-002
   11.2995000000000       4.715937103171679E-002
   11.3077000000000       4.699237329751942E-002
   11.3159000000000       4.683618779992951E-002
   11.3241000000000       4.668891257031530E-002
   11.3323000000000       4.654537692967507E-002
   11.3405000000000       4.639569797786724E-002
   11.3487000000000       4.622889466512795E-002
   11.3569000000000       4.604152173488860E-002
   11.3651000000000       4.584091098292180E-002
   11.3733000000000       4.563842785891210E-002
   11.3815000000000       4.544156575959990E-002
   11.3897000000000       4.525261247055024E-002
   11.3979000000000       4.507096793779428E-002
   11.4061000000000       4.489463654600716E-002
   11.4143000000000       4.472057258323276E-002
   11.4225000000000       4.454535224214248E-002
   11.4307000000000       4.436683224524294E-002
   11.4389000000000       4.418686341714420E-002
   11.4471000000000       4.401385653470270E-002
   11.4553000000000       4.386127134587105E-002
   11.4635000000000       4.374198708906642E-002
   11.4717000000000       4.366332712641498E-002
   11.4799000000000       4.362471664083549E-002
   11.4881000000000       4.361853084349346E-002
   11.4963000000000       4.363456828182099E-002
   11.5045000000000       4.366420190980379E-002
   11.5127000000000       4.370033139512569E-002
   11.5209000000000       4.373523560522610E-002
   11.5291000000000       4.376015017946760E-002
   11.5373000000000       4.376817808953381E-002
   11.5455000000000       4.375888545936440E-002
   11.5537000000000       4.374021559647194E-002
   11.5619000000000       4.372395185297700E-002
   11.5701000000000       4.371586001433490E-002
   11.5783000000000       4.370899629172678E-002
   11.5865000000000       4.368802898308358E-002
   11.5947000000000       4.364129976165105E-002
   11.6029000000000       4.356977084405099E-002
   11.6111000000000       4.348674386867826E-002
   11.6193000000000       4.340973702395522E-002
   11.6275000000000       4.335013547409352E-002
   11.6357000000000       4.330811527939375E-002
   11.6439000000000       4.327668498166754E-002
   11.6521000000000       4.325011456781382E-002
   11.6603000000000       4.322822074097240E-002
   11.6685000000000       4.321417318364124E-002
   11.6767000000000       4.321097388436075E-002
   11.6849000000000       4.322141522286627E-002
   11.6931000000000       4.325013947779966E-002
   11.7013000000000       4.330333774800770E-002
   11.7095000000000       4.338486777161960E-002
   11.7177000000000       4.349172262143045E-002
   11.7259000000000       4.361254235159332E-002
   11.7341000000000       4.373153927280851E-002
   11.7423000000000       4.383519146648489E-002
   11.7505000000000       4.391639095269016E-002
   11.7587000000000       4.397329240960443E-002
   11.7669000000000       4.400581266217080E-002
   11.7751000000000       4.401355755056156E-002
   11.7833000000000       4.399618470062702E-002
   11.7915000000000       4.395488275890581E-002
   11.7997000000000       4.389298969744159E-002
   11.8079000000000       4.381423118222624E-002
   11.8161000000000       4.372012518069595E-002
   11.8243000000000       4.360965452722888E-002
   11.8325000000000       4.348182910179711E-002
   11.8407000000000       4.333910953401154E-002
   11.8489000000000       4.318968048447813E-002
   11.8571000000000       4.304683636573176E-002
   11.8653000000000       4.292400480653696E-002
   11.8735000000000       4.282795877196972E-002
   11.8817000000000       4.275715266342569E-002
   11.8899000000000       4.270760175795377E-002
   11.8981000000000       4.267853428271456E-002
   11.9063000000000       4.267064386545891E-002
   11.9145000000000       4.268125290732699E-002
   11.9227000000000       4.270375765987213E-002
   11.9309000000000       4.273113760296351E-002
   11.9391000000000       4.275844389363240E-002
   11.9473000000000       4.278503274023820E-002
   11.9555000000000       4.281483683133396E-002
   11.9637000000000       4.285413420868109E-002
   11.9719000000000       4.290703473143962E-002
   11.9801000000000       4.297137074392964E-002
   11.9883000000000       4.303797863159192E-002
   11.9965000000000       4.309439792141898E-002
   12.0047000000000       4.313117147726597E-002
   12.0129000000000       4.314620599077015E-002
   12.0211000000000       4.314378321029692E-002
   12.0293000000000       4.313039454057311E-002
   12.0375000000000       4.311172009130172E-002
   12.0457000000000       4.309159660874546E-002
   12.0539000000000       4.307107767827191E-002
   12.0621000000000       4.304822606544621E-002
   12.0703000000000       4.302082131920519E-002
   12.0785000000000       4.298998013350640E-002
   12.0867000000000       4.295954983821644E-002
   12.0949000000000       4.293105970036853E-002
   12.1031000000000       4.290132361223269E-002
   12.1113000000000       4.286560648922321E-002
   12.1195000000000       4.282181788737589E-002
   12.1277000000000       4.277116346540605E-002
   12.1359000000000       4.271686648269452E-002
   12.1441000000000       4.266234030592360E-002
   12.1523000000000       4.260927585732439E-002
   12.1605000000000       4.255707777478945E-002
   12.1687000000000       4.250462857301405E-002
   12.1769000000000       4.245291197148222E-002
   12.1851000000000       4.240534018760110E-002
   12.1933000000000       4.236379257380416E-002
   12.2015000000000       4.232420986190558E-002
   12.2097000000000       4.227748526933468E-002
   12.2179000000000       4.221501695954944E-002
   12.2261000000000       4.213342079123137E-002
   12.2343000000000       4.203553218307976E-002
   12.2425000000000       4.192817894286786E-002
   12.2507000000000       4.181939945885137E-002
   12.2589000000000       4.171727775371210E-002
   12.2671000000000       4.162943515910037E-002
   12.2753000000000       4.156174932747957E-002
   12.2835000000000       4.151715553233176E-002
   12.2917000000000       4.149497379688166E-002
   12.2999000000000       4.149082424556760E-002
   12.3081000000000       4.149740977750447E-002
   12.3163000000000       4.150663403677874E-002
   12.3245000000000       4.151217109111732E-002
   12.3327000000000       4.151006155949319E-002
   12.3409000000000       4.149725396480414E-002
   12.3491000000000       4.147133529859883E-002
   12.3573000000000       4.143285338770861E-002
   12.3655000000000       4.138694388436189E-002
   12.3737000000000       4.134072309585051E-002
   12.3819000000000       4.129870523990667E-002
   12.3901000000000       4.126078345645810E-002
   12.3983000000000       4.122442410914880E-002
   12.4065000000000       4.118928740404501E-002
   12.4147000000000       4.116075065300886E-002
   12.4229000000000       4.114763725740724E-002
   12.4311000000000       4.115325117736019E-002
   12.4393000000000       4.116844412307381E-002
   12.4475000000000       4.117458205863569E-002
   12.4557000000000       4.115399627145273E-002
   12.4639000000000       4.109826702887398E-002
   12.4721000000000       4.100989646877202E-002
   12.4803000000000       4.089830609182785E-002
   12.4885000000000       4.077526298235202E-002
   12.4967000000000       4.065223126084200E-002
   12.5049000000000       4.053741910220418E-002
   12.5131000000000       4.043585089557744E-002
   12.5213000000000       4.034398467343046E-002
   12.5295000000000       4.026291943294329E-002
   12.5377000000000       4.018442373706005E-002
   12.5459000000000       4.012425262019795E-002
   12.5541000000000       4.006996129995562E-002
   12.5623000000000       4.004299368753810E-002
   12.5705000000000       4.002914307033734E-002
   12.5787000000000       3.999869157076864E-002
   12.5869000000000       4.002446699084855E-002
   12.5951000000000       3.997623175515109E-002
   12.6033000000000       4.003764676382879E-002
   12.6119200000000       4.007787967386334E-002
   12.6206500000000       3.994638051550575E-002
   12.6295000000000       4.000770298350075E-002
   12.6385100000000       3.991333479044281E-002
   12.6477100000000       3.978423252597619E-002
   12.6571400000000       3.969102647998832E-002
   12.6668700000000       3.953443982825283E-002
   12.6769500000000       3.941925546088860E-002
   12.6874900000000       3.931963896587085E-002
   12.6985700000000       3.925244392784291E-002
   12.7103200000000       3.925194545687628E-002
   12.7229100000000       3.928555975676983E-002
   12.7365000000000       3.935336362064708E-002
   12.7513400000000       3.948738358833428E-002
   12.7676900000000       3.966572121788003E-002
   12.7858700000000       3.996068288502712E-002
   12.8062700000000       4.037698270390492E-002
   12.8293300000000       4.088252905711613E-002
   12.8555700000000       4.146627530231994E-002
   12.8855700000000       4.194069154743945E-002
   12.9199900000000       4.214272546180457E-002
   12.9595300000000       4.190696423690744E-002
   13.0049400000000       4.102604474970177E-002
   13.0569700000000       3.971863876418787E-002
   13.1163500000000       3.846128680091284E-002
   13.1837600000000       3.742465364413435E-002
   13.2597300000000       3.652078327684848E-002
   13.3446600000000       3.505227248429619E-002
   13.4387600000000       3.246048159585182E-002
   13.5420300000000       2.922628962224546E-002
   13.6542600000000       2.668586059684344E-002
   13.7750500000000       2.531067811468789E-002
   13.9038700000000       2.458624681228309E-002
   14.0400400000000       2.423767374329448E-002
   14.1828300000000       2.380680151611776E-002
   14.3314900000000       2.256924357511835E-002
   14.4852700000000       2.053083179943757E-002
   14.6434700000000       1.829861723561800E-002
   14.8054300000000       1.628088787300040E-002
   14.9705700000000       1.460406080775612E-002
   15.1383700000000       1.326282998454185E-002
   15.3083900000000       1.215918985551763E-002
   15.4802400000000       1.122979724270918E-002
   15.6536000000000       1.039482287578311E-002
   15.8282100000000       9.494726390496949E-003
   16.0038200000000       8.409019903386392E-003
   16.1802700000000       7.166652773407708E-003
   16.3573900000000       5.881761620125967E-003
   16.5350500000000       4.648327833833402E-003
   16.7131700000000       3.525241908178946E-003
   16.8916400000000       2.548890876993487E-003
   17.0704100000000       1.736468503294065E-003
   17.2494100000000       1.102951189085073E-003
   17.4286000000000       6.621203304930375E-004
   17.6079500000000       4.041304183567947E-004
   17.7874300000000       2.867915920640923E-004
   17.9670000000000       2.468503366621654E-004
   18.1470000000000       2.108909008250798E-004
   18.3270000000000       1.457512332208603E-004
   18.5070000000000       9.715820810638235E-005
   18.6870000000000       8.648465333765547E-005
   18.8670000000000       8.648465333765547E-005

