  0.000000000000000E+000   2.08030007902998     
  8.199691800000001E-003   2.07668864537676     
  1.639938400000000E-002   2.07108369678733     
  2.459907500000000E-002   2.06819936389799     
  3.279876700000000E-002   2.06562766466635     
  4.099845900000000E-002   2.06263155332564     
  4.919815100000000E-002   2.05982007166347     
  5.739784200000000E-002   2.05710223078123     
  6.559753400000000E-002   2.05413089781598     
  7.379722599999999E-002   2.05084816162862     
  8.199691800000000E-002   2.04732855454266     
  9.019660900000000E-002   2.04354987738226     
  9.839630100000001E-002   2.03944282816527     
  0.106596000000000        2.03503630756893     
  0.114795700000000        2.03045422073530     
  0.122995400000000        2.02583054741532     
  0.131195100000000        2.02121553819826     
  0.139394800000000        2.01657658497388     
  0.147594500000000        2.01186852265086     
  0.155794100000000        2.00706335689154     
  0.163993800000000        2.00219111949287     
  0.172193500000000        1.99733502991628     
  0.180393200000000        1.99263991508803     
  0.188592900000000        1.98832291706932     
  0.196792600000000        1.98461845978842     
  0.204992300000000        1.98170953110141     
  0.213192000000000        1.97969263982210     
  0.221391700000000        1.97858396377226     
  0.229591400000000        1.97830657778438     
  0.237791100000000        1.97868284214164     
  0.245990800000000        1.97951304324545     
  0.254190400000000        1.98053949155268     
  0.262390100000000        1.98141446655590     
  0.270589800000000        1.98182682399271     
  0.278789500000000        1.98156600946805     
  0.286989200000000        1.98053550996666     
  0.295188900000000        1.97871998391871     
  0.303388600000000        1.97617308069123     
  0.311588300000000        1.97309652444344     
  0.319788000000000        1.96966811266422     
  0.327987700000000        1.96583656561744     
  0.336187400000000        1.96158892111655     
  0.344387100000000        1.95703345532298     
  0.352586700000000        1.95233078226198     
  0.360786400000000        1.94764539077782     
  0.368986100000000        1.94308889964521     
  0.377185800000000        1.93872968714918     
  0.385385500000000        1.93461365028225     
  0.393585200000000        1.93072989891691     
  0.401784900000000        1.92700001354427     
  0.409984600000000        1.92335406599888     
  0.418184300000000        1.91979092437391     
  0.426384000000000        1.91631539637287     
  0.434583700000000        1.91294623831256     
  0.442783400000000        1.90971417744819     
  0.450983000000000        1.90653990256415     
  0.459182700000000        1.90315658405437     
  0.467382400000000        1.89919830826421     
  0.475582100000000        1.89445988418545     
  0.483781800000000        1.88913355642687     
  0.491981500000000        1.88355541260808     
  0.500181200000000        1.87795675464807     
  0.508380900000000        1.87242213109266     
  0.516580600000000        1.86683367444312     
  0.524780300000000        1.86112169706116     
  0.532980000000000        1.85519008362470     
  0.541179700000000        1.84890141080623     
  0.549379300000000        1.84212565443589     
  0.557579000000000        1.83484489134813     
  0.565778700000000        1.82708603003634     
  0.573978400000000        1.81887734806296     
  0.582178100000000        1.81038175326585     
  0.590377800000000        1.80178465589107     
  0.598577500000000        1.79340656633939     
  0.606777200000000        1.78553476801469     
  0.614976900000000        1.77835305074373     
  0.623176600000000        1.77189622075418     
  0.631376300000000        1.76605610125101     
  0.639576000000000        1.76066829607658     
  0.647775700000000        1.75571328493586     
  0.655975300000000        1.75147249175824     
  0.664175000000000        1.74839183350264     
  0.672374700000000        1.74686439853451     
  0.680574400000000        1.74694598509127     
  0.688774100000000        1.74843899235601     
  0.696973800000000        1.75102344685797     
  0.705173500000000        1.75439528736432     
  0.713373200000000        1.75832602516981     
  0.721572900000000        1.76252483635403     
  0.729772600000000        1.76652174599949     
  0.737972300000000        1.76988804497740     
  0.746172000000000        1.77237633718671     
  0.754371600000000        1.77387379316600     
  0.762571300000000        1.77449585407430     
  0.770771000000000        1.77463725582894     
  0.778970700000000        1.77455254241263     
  0.787170400000000        1.77432010409008     
  0.795370100000000        1.77433790627682     
  0.803569800000000        1.77468863885152     
  0.811769500000000        1.77514647827519     
  0.819969200000000        1.77562306706668     
  0.828168900000000        1.77617384370474     
  0.836368600000000        1.77688209173378     
  0.844568300000000        1.77765037521144     
  0.852767900000000        1.77827018481652     
  0.860967600000000        1.77856294510187     
  0.869167300000000        1.77836807737638     
  0.877367000000000        1.77763444414151     
  0.885566700000000        1.77653416936827     
  0.893766400000000        1.77537510356061     
  0.901966100000000        1.77432905161423     
  0.910165800000000        1.77338787562793     
  0.918365500000000        1.77253160927522     
  0.926565200000000        1.77166890968735     
  0.934764900000000        1.77055214090125     
  0.942964600000000        1.76891680068789     
  0.951164200000000        1.76701808349275     
  0.959363900000000        1.76537175787720     
  0.967563600000000        1.76415651053240     
  0.975763300000000        1.76329279494710     
  0.983963000000000        1.76290794746685     
  0.992162700000000        1.76299250247122     
   1.00036200000000        1.76334044734924     
   1.00856200000000        1.76389761674284     
   1.01676200000000        1.76472229523755     
   1.02496100000000        1.76582760303627     
   1.03316100000000        1.76727507862720     
   1.04136100000000        1.76912964265394     
   1.04956100000000        1.77140497384641     
   1.05776000000000        1.77373161072582     
   1.06596000000000        1.77555391840282     
   1.07416000000000        1.77669389461578     
   1.08235900000000        1.77729810055043     
   1.09055900000000        1.77768821682709     
   1.09875900000000        1.77809352938440     
   1.10695800000000        1.77836607181343     
   1.11515800000000        1.77834857260305     
   1.12335800000000        1.77817870402495     
   1.13155700000000        1.77792695708109     
   1.13975700000000        1.77739239969665     
   1.14795700000000        1.77622878496114     
   1.15615700000000        1.77411931107325     
   1.16435600000000        1.77139193438125     
   1.17255600000000        1.76912228539589     
   1.18075600000000        1.76793652909841     
   1.18895500000000        1.76737446720377     
   1.19715500000000        1.76697379068066     
   1.20535500000000        1.76672357120938     
   1.21355400000000        1.76719130749484     
   1.22175400000000        1.76889399482176     
   1.22995400000000        1.77169898540889     
   1.23815300000000        1.77542663714445     
   1.24635300000000        1.77976664235375     
   1.25455300000000        1.78398552588211     
   1.26275300000000        1.78728830522777     
   1.27095200000000        1.78895583621250     
   1.27915200000000        1.78871189443682     
   1.28735200000000        1.78692397254735     
   1.29555100000000        1.78429252993655     
   1.30375100000000        1.78164035985489     
   1.31195100000000        1.77965727327124     
   1.32015000000000        1.77851072944621     
   1.32835000000000        1.77800858951054     
   1.33655000000000        1.77778428081135     
   1.34474900000000        1.77746423115225     
   1.35294900000000        1.77693350196544     
   1.36114900000000        1.77625041205692     
   1.36934900000000        1.77541903603413     
   1.37754800000000        1.77414245652347     
   1.38574800000000        1.77209168359678     
   1.39394800000000        1.76921210142246     
   1.40214700000000        1.76534941604205     
   1.41034700000000        1.76038586046656     
   1.41854700000000        1.75440258671214     
   1.42674600000000        1.74736030644579     
   1.43494600000000        1.73940149237727     
   1.44314600000000        1.73104387959100     
   1.45134500000000        1.72276833460010     
   1.45954500000000        1.71480949343715     
   1.46774500000000        1.70720057856822     
   1.47594500000000        1.70010310205395     
   1.48414400000000        1.69373352657982     
   1.49234400000000        1.68844966357160     
   1.50054400000000        1.68480035144892     
   1.50874300000000        1.68310136842364     
   1.51694300000000        1.68323015276694     
   1.52514300000000        1.68461080311073     
   1.53334200000000        1.68643749207562     
   1.54154200000000        1.68805650075175     
   1.54974200000000        1.68919772856129     
   1.55794100000000        1.68983342424413     
   1.56614100000000        1.68995343003930     
   1.57434100000000        1.68924190765717     
   1.58254100000000        1.68729722297919     
   1.59074000000000        1.68405596639111     
   1.59894000000000        1.68003554969784     
   1.60714000000000        1.67596727775382     
   1.61533900000000        1.67207851058212     
   1.62353900000000        1.66825824392340     
   1.63173900000000        1.66412870157180     
   1.63993800000000        1.65902708605933     
   1.64813800000000        1.65327774025810     
   1.65633800000000        1.64752417857662     
   1.66453700000000        1.64257507283352     
   1.67273700000000        1.63935230135173     
   1.68093700000000        1.63831708456104     
   1.68913700000000        1.63933610840422     
   1.69733600000000        1.64177653996331     
   1.70553600000000        1.64493634917643     
   1.71373600000000        1.64853754317670     
   1.72193500000000        1.65261085414529     
   1.73013500000000        1.65708397650536     
   1.73833500000000        1.66149500653024     
   1.74653400000000        1.66524991584524     
   1.75473400000000        1.66820021029794     
   1.76293400000000        1.67084038070815     
   1.77113300000000        1.67356274117976     
   1.77933300000000        1.67645187090880     
   1.78753300000000        1.67945988066556     
   1.79573200000000        1.68244015814828     
   1.80393200000000        1.68533385270620     
   1.81213200000000        1.68825359203678     
   1.82033200000000        1.69158056759233     
   1.82853100000000        1.69553103132096     
   1.83673100000000        1.69987368229497     
   1.84493100000000        1.70445729947196     
   1.85313000000000        1.70921054966238     
   1.86133000000000        1.71423526792702     
   1.86953000000000        1.71963682407028     
   1.87772900000000        1.72511536705882     
   1.88592900000000        1.73023902302278     
   1.89412900000000        1.73460790677842     
   1.90232800000000        1.73784128233709     
   1.91052800000000        1.73971652721878     
   1.91872800000000        1.74040571357228     
   1.92692800000000        1.74043610295099     
   1.93512700000000        1.74014180559792     
   1.94332700000000        1.73955780568612     
   1.95152700000000        1.73855002373356     
   1.95972600000000        1.73682930756960     
   1.96792600000000        1.73448304660386     
   1.97612600000000        1.73211052949561     
   1.98432500000000        1.73017693517809     
   1.99252500000000        1.72905474082087     
   2.00072500000000        1.72894175838916     
   2.00892400000000        1.72990715119053     
   2.01712400000000        1.73183946389757     
   2.02532400000000        1.73440296942484     
   2.03352400000000        1.73743487650639     
   2.04172300000000        1.74101579078329     
   2.04992300000000        1.74505966786289     
   2.05812300000000        1.74899405895685     
   2.06632200000000        1.75168725748898     
   2.07452200000000        1.75246341562229     
   2.08272200000000        1.75220257925321     
   2.09092100000000        1.75227581559449     
   2.09912100000000        1.75320833236635     
   2.10732100000000        1.75470873679429     
   2.11552000000000        1.75614875253117     
   2.12372000000000        1.75691543730422     
   2.13192000000000        1.75643942253235     
   2.14012000000000        1.75438959117998     
   2.14831900000000        1.75059249275154     
   2.15651900000000        1.74528896233853     
   2.16471900000000        1.73937881851763     
   2.17291800000000        1.73382982761502     
   2.18111800000000        1.72906566075695     
   2.18931800000000        1.72480486111057     
   2.19751700000000        1.72050884484325     
   2.20571700000000        1.71590767367833     
   2.21391700000000        1.71116039565070     
   2.22211600000000        1.70658133144888     
   2.23031600000000        1.70210674336718     
   2.23851600000000        1.69740370568354     
   2.24671600000000        1.69246471435885     
   2.25491500000000        1.68708955969581     
   2.26311500000000        1.68093632512365     
   2.27131500000000        1.67425716333280     
   2.27951400000000        1.66750053818636     
   2.28771400000000        1.66099408352804     
   2.29591400000000        1.65489297784509     
   2.30411300000000        1.64894162308060     
   2.31231300000000        1.64269201633376     
   2.32051300000000        1.63569758664506     
   2.32871200000000        1.62786230265428     
   2.33691200000000        1.61974576266160     
   2.34511200000000        1.61231603923019     
   2.35331200000000        1.60621725177292     
   2.36151100000000        1.60115518180584     
   2.36971100000000        1.59646496316171     
   2.37791100000000        1.59172270850494     
   2.38611000000000        1.58672753131027     
   2.39431000000000        1.58143946755169     
   2.40251000000000        1.57575257198095     
   2.41070900000000        1.56934035115145     
   2.41890900000000        1.56205440439907     
   2.42710900000000        1.55401713379661     
   2.43530800000000        1.54552111092016     
   2.44350800000000        1.53681151244240     
   2.45170800000000        1.52792583930276     
   2.45990800000000        1.51884771766534     
   2.46810700000000        1.50965466576615     
   2.47630700000000        1.50069924665791     
   2.48450700000000        1.49232692044782     
   2.49270600000000        1.48448202548862     
   2.50090600000000        1.47685358826449     
   2.50910600000000        1.46912573203079     
   2.51730500000000        1.46100301737662     
   2.52550500000000        1.45249619714364     
   2.53370500000000        1.44386955550081     
   2.54190400000000        1.43547185103240     
   2.55010400000000        1.42765704466514     
   2.55830400000000        1.42057213680729     
   2.56650400000000        1.41452015377764     
   2.57470300000000        1.40986096843967     
   2.58290300000000        1.40656485514272     
   2.59110300000000        1.40444247750719     
   2.59930200000000        1.40340526678799     
   2.60750200000000        1.40360844477666     
   2.61570200000000        1.40511693480609     
   2.62390100000000        1.40769568589449     
   2.63210100000000        1.41108886604814     
   2.64030100000000        1.41452690700862     
   2.64850000000000        1.41722514331810     
   2.65670000000000        1.41926631249357     
   2.66490000000000        1.42120205772307     
   2.67310000000000        1.42349949818040     
   2.68129900000000        1.42630580296061     
   2.68949900000000        1.42945417539612     
   2.69769900000000        1.43259916632822     
   2.70589800000000        1.43534320727109     
   2.71409800000000        1.43756248316931     
   2.72229800000000        1.43952948773021     
   2.73049700000000        1.44167844295742     
   2.73869700000000        1.44436121760301     
   2.74689700000000        1.44778331435511     
   2.75509600000000        1.45208513988263     
   2.76329600000000        1.45745253377257     
   2.77149600000000        1.46383566655576     
   2.77969600000000        1.47083840739831     
   2.78789500000000        1.47808502081780     
   2.79609500000000        1.48558502836662     
   2.80429500000000        1.49320867866063     
   2.81249400000000        1.50022560116917     
   2.82069400000000        1.50583398169654     
   2.82889400000000        1.50959220289707     
   2.83709300000000        1.51127954082864     
   2.84529300000000        1.51112269156842     
   2.85349300000000        1.50969842566123     
   2.86169200000000        1.50750012414486     
   2.86989200000000        1.50491844138793     
   2.87809200000000        1.50251070132365     
   2.88629200000000        1.50111986689351     
   2.89449100000000        1.50139488854211     
   2.90269100000000        1.50344254082775     
   2.91089100000000        1.50680109410038     
   2.91909000000000        1.51062268948212     
   2.92729000000000        1.51421516266648     
   2.93549000000000        1.51701133051996     
   2.94368900000000        1.51850775188592     
   2.95188900000000        1.51870330311809     
   2.96008900000000        1.51815437077320     
   2.96828800000000        1.51725633534839     
   2.97648800000000        1.51585442682306     
   2.98468800000000        1.51350387689663     
   2.99288700000000        1.51006767338240     
   3.00108700000000        1.50602820764928     
   3.00928700000000        1.50198227316571     
   3.01748700000000        1.49798098333845     
   3.02568600000000        1.49327373624162     
   3.03388600000000        1.48726237449575     
   3.04208600000000        1.48007421579138     
   3.05028500000000        1.47230001879085     
   3.05848500000000        1.46486606074489     
   3.06668500000000        1.45860578396820     
   3.07488400000000        1.45370821160530     
   3.08308400000000        1.44968094236460     
   3.09128400000000        1.44592960783659     
   3.09948300000000        1.44206566318023     
   3.10768300000000        1.43767056568459     
   3.11588300000000        1.43226037492441     
   3.12408300000000        1.42573734190923     
   3.13228200000000        1.41846311434836     
   3.14048200000000        1.41113084079609     
   3.14868200000000        1.40429156521238     
   3.15688100000000        1.39804283315222     
   3.16508100000000        1.39242565428762     
   3.17328100000000        1.38761420841567     
   3.18148000000000        1.38362651188123     
   3.18968000000000        1.38012238220972     
   3.19788000000000        1.37636321788474     
   3.20607900000000        1.37163329428972     
   3.21427900000000        1.36588871223148     
   3.22247900000000        1.35975270580015     
   3.23067900000000        1.35409079753436     
   3.23887800000000        1.34933893731708     
   3.24707800000000        1.34546094765728     
   3.25527800000000        1.34228994688812     
   3.26347700000000        1.33958592994436     
   3.27167700000000        1.33711636618336     
   3.27987700000000        1.33485108063374     
   3.28807600000000        1.33277920317807     
   3.29627600000000        1.33089434115683     
   3.30447600000000        1.32909186150758     
   3.31267500000000        1.32725107109964     
   3.32087500000000        1.32540232198142     
   3.32907500000000        1.32350662890303     
   3.33727500000000        1.32146349209738     
   3.34547400000000        1.31919423741442     
   3.35367400000000        1.31675040691758     
   3.36187400000000        1.31429519227757     
   3.37007300000000        1.31174378980717     
   3.37827300000000        1.30897480052689     
   3.38647300000000        1.30597472497345     
   3.39467200000000        1.30253698119631     
   3.40287200000000        1.29845550397915     
   3.41107200000000        1.29385942641924     
   3.41927100000000        1.28922398723280     
   3.42747100000000        1.28509003436334     
   3.43567100000000        1.28176942233289     
   3.44387100000000        1.27931638117016     
   3.45207000000000        1.27762365416112     
   3.46027000000000        1.27671576827871     
   3.46847000000000        1.27671800826398     
   3.47666900000000        1.27769152793066     
   3.48486900000000        1.27951525994146     
   3.49306900000000        1.28177740843761     
   3.50126800000000        1.28382799613003     
   3.50946800000000        1.28502405133452     
   3.51766800000000        1.28497803443149     
   3.52586700000000        1.28383092266037     
   3.53406700000000        1.28212824472612     
   3.54226700000000        1.28069043187650     
   3.55046700000000        1.28046961772677     
   3.55866600000000        1.28206947613344     
   3.56686600000000        1.28530347105342     
   3.57506600000000        1.28952174550165     
   3.58326500000000        1.29398451695299     
   3.59146500000000        1.29807376497565     
   3.59966500000000        1.30170504511779     
   3.60786400000000        1.30493273979373     
   3.61606400000000        1.30767264210729     
   3.62426400000000        1.30971338000808     
   3.63246300000000        1.31101530252093     
   3.64066300000000        1.31207183659820     
   3.64886300000000        1.31333500252208     
   3.65706300000000        1.31489438207328     
   3.66526200000000        1.31650176725382     
   3.67346200000000        1.31794440694580     
   3.68166200000000        1.31917648624131     
   3.68986100000000        1.32025107393324     
   3.69806100000000        1.32105389780648     
   3.70626100000000        1.32121640643908     
   3.71446000000000        1.32048425714316     
   3.72266000000000        1.31917165038980     
   3.73086000000000        1.31783685112818     
   3.73905900000000        1.31672085307294     
   3.74725900000000        1.31573058890542     
   3.75545900000000        1.31461150331763     
   3.76365900000000        1.31336174834116     
   3.77185800000000        1.31195985925201     
   3.78005800000000        1.31007532671822     
   3.78825800000000        1.30733813951368     
   3.79645700000000        1.30362676904744     
   3.80465700000000        1.29924916807776     
   3.81285700000000        1.29472922953035     
   3.82105600000000        1.29040014725240     
   3.82925600000000        1.28633174343498     
   3.83745600000000        1.28223150414264     
   3.84565500000000        1.27768810817062     
   3.85385500000000        1.27260479341544     
   3.86205500000000        1.26710501012069     
   3.87025500000000        1.26137855880435     
   3.87845400000000        1.25569170258315     
   3.88665400000000        1.25040021852909     
   3.89485400000000        1.24582208115832     
   3.90305300000000        1.24205963789405     
   3.91125300000000        1.23910894663975     
   3.91945300000000        1.23681909606346     
   3.92765200000000        1.23485554000184     
   3.93585200000000        1.23303038521095     
   3.94405200000000        1.23143242790441     
   3.95225100000000        1.23030712221844     
   3.96045100000000        1.22983649599218     
   3.96865100000000        1.23006970456025     
   3.97685100000000        1.23107884582350     
   3.98505000000000        1.23267943547017     
   3.99325000000000        1.23455537297752     
   4.00145000000000        1.23627853540314     
   4.00964900000000        1.23736681197682     
   4.01784900000000        1.23761337636752     
   4.02604900000000        1.23724258495064     
   4.03424800000000        1.23660694299608     
   4.04244800000000        1.23578903389366     
   4.05064800000000        1.23454623058484     
   4.05884700000000        1.23281315607992     
   4.06704700000000        1.23084154085757     
   4.07524700000000        1.22863640380535     
   4.08344700000000        1.22575605430865     
   4.09164600000000        1.22169658747696     
   4.09984600000000        1.21648758688615     
   4.10804600000000        1.21068770333882     
   4.11624500000000        1.20494754728701     
   4.12444500000000        1.20002435372409     
   4.13264500000000        1.19661900174830     
   4.14084400000000        1.19488035664402     
   4.14904400000000        1.19429103751867     
   4.15724400000000        1.19421941536407     
   4.16544300000000        1.19433930172941     
   4.17364300000000        1.19484725982168     
   4.18184300000000        1.19633318624104     
   4.19004200000000        1.19923319252613     
   4.19824200000000        1.20335520038528     
   4.20644200000000        1.20796608397440     
   4.21464200000000        1.21228126754120     
   4.22284100000000        1.21564150504889     
   4.23104100000000        1.21784020710754     
   4.23924100000000        1.21920293270813     
   4.24744000000000        1.22019904201515     
   4.25564000000000        1.22147458707274     
   4.26384000000000        1.22397914880919     
   4.27203900000000        1.22843641613793     
   4.28023900000000        1.23498920976254     
   4.28843900000000        1.24311013812713     
   4.29663800000000        1.25174249413162     
   4.30483800000000        1.25966309795789     
   4.31303800000000        1.26607895186696     
   4.32123800000000        1.27092699584239     
   4.32943700000000        1.27464551455919     
   4.33763700000000        1.27769610007273     
   4.34583700000000        1.28012392716408     
   4.35403600000000        1.28147451430469     
   4.36223600000000        1.28137915143166     
   4.37043600000000        1.28008805153844     
   4.37863500000000        1.27822285619926     
   4.38683500000000        1.27645050100234     
   4.39503500000000        1.27519353687199     
   4.40323400000000        1.27458519814201     
   4.41143400000000        1.27458916752119     
   4.41963400000000        1.27481911670398     
   4.42783400000000        1.27480556457304     
   4.43603300000000        1.27416879420821     
   4.44423300000000        1.27277939194407     
   4.45243300000000        1.27079064794809     
   4.46063200000000        1.26838229513670     
   4.46883200000000        1.26576980131145     
   4.47703200000000        1.26332643314615     
   4.48523100000000        1.26141061063819     
   4.49343100000000        1.26036075084004     
   4.50163100000000        1.26037464615976     
   4.50983000000000        1.26157222040862     
   4.51803000000000        1.26417796684459     
   4.52623000000000        1.26824963124393     
   4.53443000000000        1.27354657013747     
   4.54262900000000        1.27940326439161     
   4.55082900000000        1.28515106369391     
   4.55902900000000        1.29063824705701     
   4.56722800000000        1.29617705711425     
   4.57542800000000        1.30203890457725     
   4.58362800000000        1.30812030689156     
   4.59182800000000        1.31402121900470     
   4.60002900000000        1.31936341629805     
   4.60822900000000        1.32396068964127     
   4.61642900000000        1.32768055296758     
   4.62462900000000        1.33060735995137     
   4.63282900000000        1.33315720737138     
   4.64102900000000        1.33586809345432     
   4.64923000000000        1.33898808518463     
   4.65743000000000        1.34218197594647     
   4.66563000000000        1.34489885308341     
   4.67383000000000        1.34679024611368     
   4.68203000000000        1.34781751376277     
   4.69023000000000        1.34813019048383     
   4.69843100000000        1.34795755336726     
   4.70663100000000        1.34759070729881     
   4.71483100000000        1.34727664153733     
   4.72303100000000        1.34715347560013     
   4.73123100000000        1.34727386172613     
   4.73943100000000        1.34782403382179     
   4.74763200000000        1.34886449979885     
   4.75583200000000        1.35000769591352     
   4.76403200000000        1.35073370916471     
   4.77223200000000        1.35093734488227     
   4.78043200000000        1.35067253471817     
   4.78863200000000        1.34961720706505     
   4.79683300000000        1.34721884630164     
   4.80503300000000        1.34310887230021     
   4.81323300000000        1.33739942133950     
   4.82143300000000        1.33073623562119     
   4.82963300000000        1.32393792634976     
   4.83783300000000        1.31755842856099     
   4.84603400000000        1.31183153641160     
   4.85423400000000        1.30661379275663     
   4.86243400000000        1.30153035281730     
   4.87063400000000        1.29663871953500     
   4.87883400000000        1.29251521184194     
   4.88703400000000        1.28963009177285     
   4.89523500000000        1.28815076337838     
   4.90343500000000        1.28812681126271     
   4.91163500000000        1.28967478445921     
   4.91983500000000        1.29290247485982     
   4.92803500000000        1.29745971053616     
   4.93623500000000        1.30252033027694     
   4.94443600000000        1.30729477891327     
   4.95263600000000        1.31131579532452     
   4.96083600000000        1.31440859749769     
   4.96903600000000        1.31643080355383     
   4.97723600000000        1.31705272029479     
   4.98543600000000        1.31594458802040     
   4.99363700000000        1.31309452922259     
   5.00183700000000        1.30890969932714     
   5.01003700000000        1.30423665065175     
   5.01823700000000        1.30006574988963     
   5.02643700000000        1.29683767302830     
   5.03463700000000        1.29412402635342     
   5.04283800000000        1.29118572724832     
   5.05103800000000        1.28776906995558     
   5.05923800000000        1.28411383497037     
   5.06743800000000        1.28042795633367     
   5.07563800000000        1.27672354570511     
   5.08383800000000        1.27310773503129     
   5.09203900000000        1.26968061217838     
   5.10023900000000        1.26631227030775     
   5.10843900000000        1.26267304840995     
   5.11663900000000        1.25848216213077     
   5.12483900000000        1.25377454865888     
   5.13303900000000        1.24881720630039     
   5.14124000000000        1.24391504001442     
   5.14944000000000        1.23919961551361     
   5.15764000000000        1.23464057113839     
   5.16584000000000        1.23028750573301     
   5.17404000000000        1.22627152872444     
   5.18224000000000        1.22256136349552     
   5.19044100000000        1.21916717813679     
   5.19864100000000        1.21647616806738     
   5.20684100000000        1.21483210316830     
   5.21504100000000        1.21445816412143     
   5.22324100000000        1.21555568341326     
   5.23144100000000        1.21820832230940     
   5.23964200000000        1.22226331748722     
   5.24784200000000        1.22711435896200     
   5.25604200000000        1.23169870819459     
   5.26424200000000        1.23484399186312     
   5.27244200000000        1.23591497902204     
   5.28064300000000        1.23533025792969     
   5.28884300000000        1.23397008437236     
   5.29704300000000        1.23249081273108     
   5.30524300000000        1.23125624107282     
   5.31344300000000        1.23042004185594     
   5.32164300000000        1.23003054955122     
   5.32984400000000        1.23018153781610     
   5.33804400000000        1.23097708579295     
   5.34624400000000        1.23242226950349     
   5.35444400000000        1.23447869319592     
   5.36264400000000        1.23694104238567     
   5.37084400000000        1.23923313989519     
   5.37904500000000        1.24055544373667     
   5.38724500000000        1.24035527634255     
   5.39544500000000        1.23864521882817     
   5.40364500000000        1.23586863543608     
   5.41184500000000        1.23249908124466     
   5.42004500000000        1.22875391095972     
   5.42824600000000        1.22463231588462     
   5.43644600000000        1.22011542442300     
   5.44464600000000        1.21521354668514     
   5.45284600000000        1.20992100964336     
   5.46104600000000        1.20409523056026     
   5.46924600000000        1.19756193599329     
   5.47744700000000        1.19040514078006     
   5.48564700000000        1.18304381073914     
   5.49384700000000        1.17619652158126     
   5.50204700000000        1.17050401389236     
   5.51024700000000        1.16626220612050     
   5.51844700000000        1.16352508652212     
   5.52664800000000        1.16221640085412     
   5.53484800000000        1.16203149174531     
   5.54304800000000        1.16256013823076     
   5.55124800000000        1.16348456164825     
   5.55944800000000        1.16443950420326     
   5.56764800000000        1.16506899938697     
   5.57584900000000        1.16523707126633     
   5.58404900000000        1.16508304561533     
   5.59224900000000        1.16478774537133     
   5.60044900000000        1.16440431635591     
   5.60864900000000        1.16402136015284     
   5.61684900000000        1.16396691367098     
   5.62505000000000        1.16466826985170     
   5.63325000000000        1.16623270050252     
   5.64145000000000        1.16840066586733     
   5.64965000000000        1.17080602809852     
   5.65785000000000        1.17291407017951     
   5.66605000000000        1.17416738265827     
   5.67425100000000        1.17435462671885     
   5.68245100000000        1.17356479440528     
   5.69065100000000        1.17189515220395     
   5.69885100000000        1.16913487443706     
   5.70705100000000        1.16483486515841     
   5.71525100000000        1.15872655608736     
   5.72345200000000        1.15105032484231     
   5.73165200000000        1.14233261598310     
   5.73985200000000        1.13305828936643     
   5.74805200000000        1.12381321566364     
   5.75625200000000        1.11576132115533     
   5.76445200000000        1.10979538059929     
   5.77265300000000        1.10561996568076     
   5.78085300000000        1.10364066902759     
   5.78905300000000        1.10348136596500     
   5.79725300000000        1.10523064216456     
   5.80545300000000        1.10976898269256     
   5.81365300000000        1.11697794224126     
   5.82185400000000        1.12951946836548     
   5.83005400000000        1.14801126958581     
   5.83825400000000        1.17302534572271     
   5.84645400000000        1.20319493707345     
   5.85465400000000        1.24040275674196     
   5.86285400000000        1.29109003991159     
   5.87105500000000        1.35366626302969     
   5.87925500000000        1.42472320030488     
   5.88745500000000        1.50668842565070     
   5.89565500000000        1.61435205425020     
   5.90385500000000        1.75240459582262     
   5.91205500000000        1.90131024548507     
   5.92025600000000        2.04804469406940     
   5.92845600000000        2.20460860943041     
   5.93665600000000        2.38088876608587     
   5.94485600000000        2.56037107073473     
   5.95305600000000        2.72171904628549     
   5.96125700000000        2.88146990604786     
   5.96945700000000        3.04945019084368     
   5.97765700000000        3.22383116975379     
   5.98585700000000        3.37581900356833     
   5.99405700000000        3.50038648433828     
   6.00225700000000        3.61578552044692     
   6.01045800000000        3.70872488354914     
   6.01865800000000        3.77998465717258     
   6.02685800000000        3.83580785085261     
   6.03505800000000        3.86955761070079     
   6.04325800000000        3.88030783857662     
   6.05145800000000        3.87568284368056     
   6.05965900000000        3.85759042539681     
   6.06785900000000        3.83071286097309     
   6.07605900000000        3.78927525528415     
   6.08425900000000        3.72379266330820     
   6.09245900000000        3.65167322031837     
   6.10065900000000        3.57019388139012     
   6.10886000000000        3.46486763199746     
   6.11706000000000        3.34005783673220     
   6.12526000000000        3.22700122921444     
   6.13346000000000        3.10133853284866     
   6.14166000000000        2.96159006216584     
   6.14986000000000        2.82265324224538     
   6.15806100000000        2.66600020646144     
   6.16626100000000        2.49489768553547     
   6.17446100000000        2.33787373610889     
   6.18266100000000        2.20959312058073     
   6.19086100000000        2.10908139350814     
   6.19906100000000        2.01179162192005     
   6.20726200000000        1.91704428083628     
   6.21546200000000        1.83856524551022     
   6.22366200000000        1.77240666168552     
   6.23186200000000        1.70595835566181     
   6.24006200000000        1.63455410123409     
   6.24826200000000        1.55561022567690     
   6.25646300000000        1.48463321812169     
   6.26466300000000        1.42480298900079     
   6.27286300000000        1.36958577076692     
   6.28106300000000        1.32502301880036     
   6.28926300000000        1.28975993790910     
   6.29746300000000        1.26330739915688     
   6.30566400000000        1.25186087327288     
   6.31386400000000        1.24284721006124     
   6.32206400000000        1.23698911747159     
   6.33026400000000        1.23512951690658     
   6.33846400000000        1.23270201823598     
   6.34666400000000        1.22940088111489     
   6.35486500000000        1.22510053210401     
   6.36306500000000        1.21812003917196     
   6.37126500000000        1.20724030566132     
   6.37946500000000        1.19318839470485     
   6.38766500000000        1.17842389462615     
   6.39586500000000        1.16537926050408     
   6.40406600000000        1.15518331347276     
   6.41226600000000        1.14721403192689     
   6.42046600000000        1.13973983105196     
   6.42866600000000        1.13206625818118     
   6.43686600000000        1.12518231357017     
   6.44506600000000        1.12001588908451     
   6.45326700000000        1.11592738509445     
   6.46146700000000        1.11182869076259     
   6.46966700000000        1.10775076010855     
   6.47786700000000        1.10417090160525     
   6.48606700000000        1.10068652336158     
   6.49426700000000        1.09637950385256     
   6.50246800000000        1.09070559669823     
   6.51066800000000        1.08380594039529     
   6.51886800000000        1.07619074454140     
   6.52706800000000        1.06821686114122     
   6.53526800000000        1.06068984213905     
   6.54346800000000        1.05419572170674     
   6.55166900000000        1.04831097392035     
   6.55986900000000        1.04248322159011     
   6.56806900000000        1.03657982282106     
   6.57626900000000        1.03063805197520     
   6.58446900000000        1.02422689958253     
   6.59266900000000        1.01689804931910     
   6.60087000000000        1.00908849418332     
   6.60907000000000        1.00193214102619     
   6.61727000000000       0.996766341749058     
   6.62547000000000       0.993752736013143     
   6.63367000000000       0.992169050291405     
   6.64187000000000       0.990614069846619     
   6.65007100000000       0.987608468423868     
   6.65827100000000       0.983153863570078     
   6.66647100000000       0.978439906142679     
   6.67467100000000       0.974094584989377     
   6.68287100000000       0.969830809952283     
   6.69107200000000       0.965481897109651     
   6.69927200000000       0.961487117814933     
   6.70747200000000       0.958328548907650     
   6.71567200000000       0.955908922082117     
   6.72387200000000       0.954218503861777     
   6.73207200000000       0.953282966282622     
   6.74027300000000       0.953386589861621     
   6.74847300000000       0.954474479149685     
   6.75667300000000       0.955945837782858     
   6.76487300000000       0.957170023668481     
   6.77307300000000       0.958066446429083     
   6.78127300000000       0.959072343773248     
   6.78947400000000       0.960415418104074     
   6.79767400000000       0.961399910711325     
   6.80587400000000       0.961065066415444     
   6.81407400000000       0.959592870857929     
   6.82227400000000       0.957765043825528     
   6.83047400000000       0.956207359211160     
   6.83867500000000       0.955345599668506     
   6.84687500000000       0.955108278860005     
   6.85507500000000       0.955265136035804     
   6.86327500000000       0.955590903367797     
   6.87147500000000       0.955537308337035     
   6.87967500000000       0.954561057110685     
   6.88787600000000       0.952754185816640     
   6.89607600000000       0.950954279567693     
   6.90427600000000       0.949814687198611     
   6.91247600000000       0.949156115567441     
   6.92067600000000       0.948515174340255     
   6.92887600000000       0.947933006751918     
   6.93707700000000       0.947797754288689     
   6.94527700000000       0.948356508362801     
   6.95347700000000       0.949751246376008     
   6.96167700000000       0.951783057338529     
   6.96987700000000       0.953895432863950     
   6.97807700000000       0.956037113135912     
   6.98627800000000       0.958325157716574     
   6.99447800000000       0.960252247284206     
   7.00267800000000       0.961441315079365     
   7.01087800000000       0.961627398141135     
   7.01907800000000       0.960611973046775     
   7.02727800000000       0.958580338043643     
   7.03547900000000       0.955775317872828     
   7.04367900000000       0.952135219036743     
   7.05187900000000       0.947425432213955     
   7.06007900000000       0.942004042999972     
   7.06827900000000       0.936766441280031     
   7.07647900000000       0.932248139988377     
   7.08468000000000       0.928400841698115     
   7.09288000000000       0.924907946957660     
   7.10108000000000       0.921533886179973     
   7.10928000000000       0.918009262700919     
   7.11748000000000       0.914146826531769     
   7.12568000000000       0.910163566213819     
   7.13388100000000       0.906188351673206     
   7.14208100000000       0.902027267860184     
   7.15028100000000       0.897573634885522     
   7.15848100000000       0.892937886447229     
   7.16668100000000       0.888194767072672     
   7.17488100000000       0.883209325711903     
   7.18308200000000       0.877607449008920     
   7.19128200000000       0.871277906631803     
   7.19948200000000       0.864668910706268     
   7.20768200000000       0.858054959974363     
   7.21588200000000       0.851705501582384     
   7.22408200000000       0.845991278295502     
   7.23228300000000       0.840906959318584     
   7.24048300000000       0.835994344985493     
   7.24868300000000       0.830756260506996     
   7.25688300000000       0.824722583161771     
   7.26508300000000       0.818100610126685     
   7.27328300000000       0.811768089106322     
   7.28148400000000       0.806007392596859     
   7.28968400000000       0.800347323869459     
   7.29788400000000       0.794341411728699     
   7.30608400000000       0.788144534942486     
   7.31428400000000       0.782184026123339     
   7.32248400000000       0.776808746435480     
   7.33068500000000       0.772136140897388     
   7.33888500000000       0.768226906796162     
   7.34708500000000       0.765050700744655     
   7.35528500000000       0.762153028936327     
   7.36348500000000       0.759162916541062     
   7.37168600000000       0.756081584664518     
   7.37988600000000       0.753222809653417     
   7.38808600000000       0.750745952280012     
   7.39628600000000       0.748205267034736     
   7.40448600000000       0.745070118422102     
   7.41268600000000       0.741382956632704     
   7.42088700000000       0.737501941081005     
   7.42908700000000       0.733599541925572     
   7.43728700000000       0.729713413606897     
   7.44548700000000       0.725790378950539     
   7.45368700000000       0.721643062686918     
   7.46188700000000       0.717193145187249     
   7.47008800000000       0.712482004035433     
   7.47828800000000       0.707786342500670     
   7.48648800000000       0.703717391304107     
   7.49468800000000       0.700503979361550     
   7.50288800000000       0.697953563786115     
   7.51108800000000       0.695940051968890     
   7.51928900000000       0.694267890362411     
   7.52748900000000       0.692753358517661     
   7.53568900000000       0.691285979662521     
   7.54388900000000       0.689716315283433     
   7.55208900000000       0.687975336752786     
   7.56028900000000       0.686150697952392     
   7.56849000000000       0.684163788633573     
   7.57669000000000       0.681943698156796     
   7.58489000000000       0.679600560511077     
   7.59309000000000       0.677339963085861     
   7.60129000000000       0.675264298310824     
   7.60949000000000       0.673520660535396     
   7.61769100000000       0.672312278338833     
   7.62589100000000       0.671528180944667     
   7.63409100000000       0.671073210021694     
   7.64229100000000       0.670905039451812     
   7.65049100000000       0.670821402643844     
   7.65869100000000       0.670395904787890     
   7.66689200000000       0.669182799351190     
   7.67509200000000       0.667003618413305     
   7.68329200000000       0.664126897564457     
   7.69149200000000       0.661168324048513     
   7.69969200000000       0.658554278674240     
   7.70789200000000       0.656136988632188     
   7.71609300000000       0.653581240724202     
   7.72429300000000       0.650729394394009     
   7.73249300000000       0.647425989650602     
   7.74069300000000       0.643511714553927     
   7.74889300000000       0.639133668015755     
   7.75709300000000       0.634744688269942     
   7.76529400000000       0.630700533166513     
   7.77349400000000       0.627245382583979     
   7.78169400000000       0.624653053275362     
   7.78989400000000       0.623150521931961     
   7.79809400000000       0.622630414288965     
   7.80629400000000       0.622559128807960     
   7.81449500000000       0.622366548125108     
   7.82269500000000       0.621975042873262     
   7.83089500000000       0.621642236835705     
   7.83909500000000       0.621426977560051     
   7.84729500000000       0.620994320679118     
   7.85549500000000       0.619951719457707     
   7.86369600000000       0.618377387989572     
   7.87189600000000       0.616823747890716     
   7.88009600000000       0.615594008562039     
   7.88829600000000       0.614620059160295     
   7.89649600000000       0.613890765886562     
   7.90469600000000       0.613475763020660     
   7.91289700000000       0.613236775496146     
   7.92109700000000       0.613110724083015     
   7.92929700000000       0.613221469776315     
   7.93749700000000       0.613624741894207     
   7.94569700000000       0.614063318267185     
   7.95389700000000       0.614170910602061     
   7.96209800000000       0.613841172371151     
   7.97029800000000       0.613099174976724     
   7.97849800000000       0.611871504585032     
   7.98669800000000       0.610181595188878     
   7.99489800000000       0.608276338307991     
   8.00309800000000       0.606415448702728     
   8.01129900000000       0.604794908165704     
   8.01949900000000       0.603544464211091     
   8.02769900000000       0.602558141307875     
   8.03589900000000       0.601560029476531     
   8.04410000000000       0.600463105594250     
   8.05229900000000       0.599325126206072     
   8.06049900000000       0.598294278302228     
   8.06870000000000       0.597224848861905     
   8.07690000000000       0.595982007017501     
   8.08510000000000       0.594470146576154     
   8.09330000000000       0.592641096162219     
   8.10150100000000       0.590424948010662     
   8.10970100000000       0.587809130991998     
   8.11790100000000       0.585186716081141     
   8.12610100000000       0.582792437453891     
   8.13430100000000       0.580618078547730     
   8.14250200000000       0.578459388353075     
   8.15070200000000       0.576127902078774     
   8.15890100000000       0.573831139192917     
   8.16710200000000       0.571957419689337     
   8.17530300000000       0.570756096677630     
   8.18350200000000       0.570277908332796     
   8.19170200000000       0.570292877772783     
   8.19990300000000       0.570506973807036     
   8.20810300000000       0.570826470737958     
   8.21630300000000       0.571230493801120     
   8.22450300000000       0.571693954329734     
   8.23270300000000       0.572192076108850     
   8.24090400000000       0.572530271305813     
   8.24910400000000       0.572408830872341     
   8.25730300000000       0.571789424168654     
   8.26550400000000       0.570936173672642     
   8.27370500000000       0.570090990835016     
   8.28190400000000       0.569264321550730     
   8.29010400000000       0.568247310941248     
   8.29830500000000       0.566955683421352     
   8.30650500000000       0.565524569287014     
   8.31470500000000       0.564044083820221     
   8.32290500000000       0.562376285106889     
   8.33110500000000       0.560507212985108     
   8.33930600000000       0.558394078627734     
   8.34750600000000       0.556052173020301     
   8.35570500000000       0.553777473266781     
   8.36390600000000       0.551645054247666     
   8.37210700000000       0.549598817868387     
   8.38030600000000       0.547841469323960     
   8.38850600000000       0.546222222344224     
   8.39670700000000       0.544272449916719     
   8.40490700000000       0.541887752882195     
   8.41310700000000       0.539206348766475     
   8.42130700000000       0.536461573011943     
   8.42950700000000       0.534044401821230     
   8.43770800000000       0.532113026168254     
   8.44590800000000       0.530627655983589     
   8.45410700000000       0.529560379524840     
   8.46230800000000       0.528782328680120     
   8.47050900000000       0.528161027466666     
   8.47870800000000       0.527652335234741     
   8.48690800000000       0.527114001116011     
   8.49510900000000       0.526507459739173     
   8.50330900000000       0.526099741948358     
   8.51150900000000       0.526084720388585     
   8.51970900000000       0.526359178973021     
   8.52790900000000       0.526550339791058     
   8.53611000000000       0.526233550729938     
   8.54431000000000       0.525261012074123     
   8.55250900000000       0.523937146090624     
   8.56071000000000       0.522560574486845     
   8.56891100000000       0.521182903808458     
   8.57711000000000       0.519684086020075     
   8.58531000000000       0.517723321610205     
   8.59351000000000       0.515248350565730     
   8.60171000000000       0.512642825701238     
   8.60991000000000       0.510169459139880     
   8.61811000000000       0.507994623123928     
   8.62631000000000       0.506200154999899     
   8.63451000000000       0.504618954899629     
   8.64271000000000       0.502954646392975     
   8.65090900000000       0.501121489909286     
   8.65910900000000       0.499359700714437     
   8.66731000000000       0.497819678661740     
   8.67550900000000       0.496420322037940     
   8.68370900000000       0.494935491326517     
   8.69191000000000       0.493155170283764     
   8.70010900000000       0.491407296512027     
   8.70830900000000       0.490139337196764     
   8.71650900000000       0.489388120912800     
   8.72470900000000       0.488932624127708     
   8.73290900000000       0.488465932709182     
   8.74110900000000       0.487896145336326     
   8.74930900000000       0.487332404995205     
   8.75750900000000       0.486801641341501     
   8.76570900000000       0.486225882359637     
   8.77390900000000       0.485468625296459     
   8.78210800000000       0.484494758614321     
   8.79030800000000       0.483456264223138     
   8.79850900000000       0.482410126428105     
   8.80670800000000       0.481403454029176     
   8.81490800000000       0.480495389308099     
   8.82310900000000       0.479655499512072     
   8.83130800000000       0.478978144699689     
   8.83950800000000       0.478412916026313     
   8.84770800000000       0.477735180006673     
   8.85590700000000       0.477052665501035     
   8.86410800000000       0.476398053182643     
   8.87230800000000       0.475662729764693     
   8.88050700000000       0.474951997229422     
   8.88870800000000       0.474318899266414     
   8.89690800000000       0.473740452504321     
   8.90510700000000       0.473327235477718     
   8.91330700000000       0.473056536864111     
   8.92150700000000       0.472992244528224     
   8.92970800000000       0.473004962545486     
   8.93790700000000       0.472698297832457     
   8.94610700000000       0.471935236543643     
   8.95430800000000       0.470861455054039     
   8.96250700000000       0.469976913221339     
   8.97070700000000       0.469542494884342     
   8.97890700000000       0.469337266506257     
   8.98710600000000       0.469387993446555     
   8.99530700000000       0.469702408512306     
   9.00350700000000       0.470039478929375     
   9.01170600000000       0.470319112528430     
   9.01990700000000       0.470421070194235     
   9.02810700000000       0.470244202156590     
   9.03630600000000       0.469875586745292     
   9.04450600000000       0.469387772165447     
   9.05270600000000       0.469039313712099     
   9.06090600000000       0.469105657476659     
   9.06910600000000       0.469585088831096     
   9.07730600000000       0.470259092072255     
   9.08550600000000       0.470798005288030     
   9.09370600000000       0.470923365472336     
   9.10190600000000       0.470523546375866     
   9.11010600000000       0.469549080818727     
   9.11830500000000       0.468208159899803     
   9.12650600000000       0.466863201501549     
   9.13470600000000       0.465602390044572     
   9.14290500000000       0.464479527130169     
   9.15110600000000       0.463443305807015     
   9.15930600000000       0.462457934024012     
   9.16750500000000       0.461505955091874     
   9.17570500000000       0.460313760861041     
   9.18390500000000       0.458812647982568     
   9.19210500000000       0.457201366180436     
   9.20030500000000       0.455732938821346     
   9.20850500000000       0.454570849050614     
   9.21670500000000       0.453608661174759     
   9.22490500000000       0.452695503191484     
   9.23310500000000       0.451795481877310     
   9.24130400000000       0.450893965565490     
   9.24950400000000       0.450023567467595     
   9.25770500000000       0.449209384248160     
   9.26590400000000       0.448624617372430     
   9.27410400000000       0.448467338973466     
   9.28230500000000       0.448612619097742     
   9.29050400000000       0.448997900470150     
   9.29870400000000       0.449608681647694     
   9.30690400000000       0.450390520512387     
   9.31510400000000       0.451354852957602     
   9.32330400000000       0.452362139473113     
   9.33150400000000       0.453235944320457     
   9.33970400000000       0.453815268569505     
   9.34790400000000       0.453983639314202     
   9.35610400000000       0.453790171540200     
   9.36430400000000       0.453293816938493     
   9.37250300000000       0.452437858462016     
   9.38070300000000       0.451153088886709     
   9.38890400000000       0.449511637229798     
   9.39710300000000       0.447929852719949     
   9.40530300000000       0.446807284109177     
   9.41350400000000       0.446049245260140     
   9.42170300000000       0.445405187196252     
   9.42990300000000       0.444724849692618     
   9.43810300000000       0.443921473775756     
   9.44630200000000       0.443033325281035     
   9.45450300000000       0.441998324089955     
   9.46270300000000       0.440834815429474     
   9.47090200000000       0.439828457065509     
   9.47910300000000       0.439013677369372     
   9.48730300000000       0.438210802630490     
   9.49550200000000       0.437344171567131     
   9.50370200000000       0.436266002335765     
   9.51190200000000       0.435000664226642     
   9.52010300000000       0.433663989187492     
   9.52830200000000       0.432298551288377     
   9.53650200000000       0.431010772379967     
   9.54470300000000       0.429780149675205     
   9.55290200000000       0.428729929694133     
   9.56110200000000       0.427989325931726     
   9.56930200000000       0.427310551893090     
   9.57750100000000       0.426553873982456     
   9.58570200000000       0.425752885869487     
   9.59390200000000       0.424997000835632     
   9.60210100000000       0.424407947223532     
   9.61030200000000       0.423868025084510     
   9.61850200000000       0.423361286703416     
   9.62670100000000       0.423082873601082     
   9.63490100000000       0.423015046047972     
   9.64310100000000       0.423074220053275     
   9.65130100000000       0.423203709574313     
   9.65950100000000       0.423270445364963     
   9.66770100000000       0.423115681681196     
   9.67590100000000       0.422647790150949     
   9.68410100000000       0.421965187450687     
   9.69230100000000       0.421242676909636     
   9.70050000000000       0.420597280352685     
   9.70870000000000       0.420079286290955     
   9.71690100000000       0.419657388272910     
   9.72510100000000       0.419299572647539     
   9.73330000000000       0.419003999413376     
   9.74150100000000       0.418689963922368     
   9.74970100000000       0.418237460549424     
   9.75790000000000       0.417631146944213     
   9.76610000000000       0.416803717284146     
   9.77430000000000       0.415736500775314     
   9.78250000000000       0.414508275629929     
   9.79070000000000       0.413273572101891     
   9.79890000000000       0.412293254789563     
   9.80710000000000       0.411613733855298     
   9.81530000000000       0.411044504435197     
   9.82350000000000       0.410397568839317     
   9.83169900000000       0.409616119297485     
   9.83989900000000       0.408701353786453     
   9.84810000000000       0.407630583013939     
   9.85629900000000       0.406461218867048     
   9.86449900000000       0.405254128753089     
   9.87270000000000       0.403919843666038     
   9.88089900000000       0.402495898073233     
   9.88909900000000       0.401018138406813     
   9.89729900000000       0.399503185456576     
   9.90549900000000       0.398174248897795     
   9.91369900000000       0.397257591586890     
   9.92189900000000       0.396872918889855     
   9.93009900000000       0.396909602820021     
   9.93829900000000       0.397032362439817     
   9.94649900000000       0.396923583530529     
   9.95469900000000       0.396433413135621     
   9.96289800000000       0.395640658444610     
   9.97109800000000       0.394709329862197     
   9.97929900000000       0.393738191805186     
   9.98749800000000       0.392883698725666     
   9.99569800000000       0.392273110640817     
   10.0039000000000       0.391844230752402     
   10.0121000000000       0.391577993011435     
   10.0203000000000       0.391428302138263     
   10.0285000000000       0.391312696183400     
   10.0367000000000       0.391257919996294     
   10.0449000000000       0.391160433858685     
   10.0531000000000       0.390865706562776     
   10.0613000000000       0.390325121234706     
   10.0695000000000       0.389583301504299     
   10.0777000000000       0.388705872266122     
   10.0859000000000       0.387682315138728     
   10.0941000000000       0.386472652040477     
   10.1023000000000       0.385074063835554     
   10.1105000000000       0.383484769698372     
   10.1187000000000       0.381753872299153     
   10.1269000000000       0.380050034243516     
   10.1351000000000       0.378544705896800     
   10.1433000000000       0.377265378376050     
   10.1515000000000       0.376117595054785     
   10.1597000000000       0.375041135315545     
   10.1679000000000       0.374039711994659     
   10.1761000000000       0.373128218970403     
   10.1843000000000       0.372312415983568     
   10.1925000000000       0.371570387425536     
   10.2007000000000       0.370899634301099     
   10.2089000000000       0.370307030116849     
   10.2171000000000       0.369673218782211     
   10.2253000000000       0.368810743178381     
   10.2335000000000       0.367623319748524     
   10.2417000000000       0.366109183600521     
   10.2499000000000       0.364363073751378     
   10.2581000000000       0.362518670390185     
   10.2663000000000       0.360727119836553     
   10.2745000000000       0.359158096518433     
   10.2827000000000       0.357944500116812     
   10.2909000000000       0.357045432713093     
   10.2991000000000       0.356215572569290     
   10.3073000000000       0.355191295980197     
   10.3155000000000       0.353876236473169     
   10.3237000000000       0.352384386508150     
   10.3319000000000       0.350815449418173     
   10.3401000000000       0.349321682824231     
   10.3483000000000       0.347959088447024     
   10.3564900000000       0.346670259886663     
   10.3646900000000       0.345428249871679     
   10.3729000000000       0.343782619753715     
   10.3810900000000       0.341993643710192     
   10.3892900000000       0.340556790711813     
   10.3975000000000       0.339050329240597     
   10.4056900000000       0.337999525769050     
   10.4138900000000       0.337279617436311     
   10.4220900000000       0.336149465019216     
   10.4302900000000       0.334887277141776     
   10.4384900000000       0.333403804080114     
   10.4466900000000       0.331893580991643     
   10.4548900000000       0.330632409525164     
   10.4630900000000       0.329636649424247     
   10.4712900000000       0.328967290222796     
   10.4794900000000       0.328596932652530     
   10.4876900000000       0.328485500036515     
   10.4958900000000       0.328450091280218     
   10.5040900000000       0.328316528452454     
   10.5122900000000       0.328051957551582     
   10.5204900000000       0.327767646494590     
   10.5286900000000       0.327608297805547     
   10.5368900000000       0.327640188760908     
   10.5450900000000       0.327806486192863     
   10.5532900000000       0.327957956108774     
   10.5614900000000       0.327902528717274     
   10.5696900000000       0.327506019262549     
   10.5778900000000       0.326746591595752     
   10.5860900000000       0.325679629794571     
   10.5942900000000       0.324385579567882     
   10.6024900000000       0.322963699505984     
   10.6106900000000       0.321521665874956     
   10.6188900000000       0.320204897460989     
   10.6270900000000       0.319118561636843     
   10.6352900000000       0.318258502037217     
   10.6434900000000       0.317571498434253     
   10.6516900000000       0.317005679130342     
   10.6598900000000       0.316502811309348     
   10.6680900000000       0.316004946052361     
   10.6762900000000       0.315458980606362     
   10.6844900000000       0.314826317485636     
   10.6926900000000       0.314101118125117     
   10.7008900000000       0.313310289885699     
   10.7090900000000       0.312513285165573     
   10.7172900000000       0.311805218450213     
   10.7254900000000       0.311289100654339     
   10.7336900000000       0.311018739130441     
   10.7418900000000       0.310944211353541     
   10.7500900000000       0.310917979537448     
   10.7582900000000       0.310776004287518     
   10.7664900000000       0.310407527278767     
   10.7746900000000       0.309741488164363     
   10.7828900000000       0.308871062682667     
   10.7910900000000       0.307894766066299     
   10.7992900000000       0.307242083881873     
   10.8075000000000       0.306967302401092     
   10.8156900000000       0.307050052342332     
   10.8238900000000       0.307720384936645     
   10.8321000000000       0.308145575922498     
   10.8402900000000       0.308628982599905     
   10.8485000000000       0.309242344839490     
   10.8567000000000       0.309355079306474     
   10.8648900000000       0.309553240728522     
   10.8731000000000       0.309299755289872     
   10.8813000000000       0.308264939942048     
   10.8894900000000       0.307095596179715     
   10.8977000000000       0.305606850352730     
   10.9059000000000       0.303876267646315     
   10.9140900000000       0.302572985953596     
   10.9223000000000       0.301302322590512     
   10.9305000000000       0.300070274938298     
   10.9387000000000       0.299263542703512     
   10.9469000000000       0.298463302591552     
   10.9551000000000       0.297732604162791     
   10.9633000000000       0.297048017027309     
   10.9715000000000       0.296340107429281     
   10.9797000000000       0.295645663333855     
   10.9879000000000       0.294845167034966     
   10.9961000000000       0.293899208653782     
   11.0043000000000       0.292793541337059     
   11.0125000000000       0.291617502922479     
   11.0207000000000       0.290522597283847     
   11.0289000000000       0.289657478378527     
   11.0371000000000       0.289038439503395     
   11.0453000000000       0.288579608385956     
   11.0535000000000       0.288184513428077     
   11.0617000000000       0.287790180753489     
   11.0699000000000       0.287347717147933     
   11.0781000000000       0.286835900365725     
   11.0863000000000       0.286271726677413     
   11.0945000000000       0.285670602678688     
   11.1027000000000       0.285013669985006     
   11.1109000000000       0.284295161207328     
   11.1191000000000       0.283536060237603     
   11.1273000000000       0.282767068920644     
   11.1355000000000       0.282065559353062     
   11.1437000000000       0.281567548981917     
   11.1519000000000       0.281391071223435     
   11.1601000000000       0.281545725127424     
   11.1683000000000       0.281938523308258     
   11.1765000000000       0.282433797536216     
   11.1847000000000       0.282896755501106     
   11.1929000000000       0.283211817702270     
   11.2011000000000       0.283336473128396     
   11.2093000000000       0.283307487142874     
   11.2175000000000       0.283165135539023     
   11.2257000000000       0.282924518474741     
   11.2339000000000       0.282630017673335     
   11.2421000000000       0.282346795106811     
   11.2503000000000       0.282100606386052     
   11.2585000000000       0.281876025195148     
   11.2667000000000       0.281664993793965     
   11.2749000000000       0.281458067363811     
   11.2831000000000       0.281207572885031     
   11.2913000000000       0.280894403053740     
   11.2995000000000       0.280628718137940     
   11.3077000000000       0.280550981408060     
   11.3159000000000       0.280701811561662     
   11.3241000000000       0.281047274251667     
   11.3323000000000       0.281537675011523     
   11.3405000000000       0.282114859495630     
   11.3487000000000       0.282719327299408     
   11.3569000000000       0.283284317887483     
   11.3651000000000       0.283725736706825     
   11.3733000000000       0.284006734811331     
   11.3815000000000       0.284140475621886     
   11.3897000000000       0.284108238899591     
   11.3979000000000       0.283887564280995     
   11.4061000000000       0.283559024016813     
   11.4143000000000       0.283221786812127     
   11.4225000000000       0.282910166902441     
   11.4307000000000       0.282658264526694     
   11.4389000000000       0.282533553690898     
   11.4471000000000       0.282577565235314     
   11.4553000000000       0.282767813137153     
   11.4635000000000       0.283055360821583     
   11.4717000000000       0.283382424774743     
   11.4799000000000       0.283688364604555     
   11.4881000000000       0.283962965477007     
   11.4963000000000       0.284282426130800     
   11.5045000000000       0.284705888541623     
   11.5127000000000       0.285167255506249     
   11.5209000000000       0.285546935354010     
   11.5291000000000       0.285791810270861     
   11.5373000000000       0.285905042306770     
   11.5455000000000       0.285892422086654     
   11.5537000000000       0.285742806597977     
   11.5619000000000       0.285460569175684     
   11.5701000000000       0.285097230662852     
   11.5783000000000       0.284745014982430     
   11.5865000000000       0.284518080790226     
   11.5947000000000       0.284511069056511     
   11.6029000000000       0.284760332663540     
   11.6111000000000       0.285233460715157     
   11.6193000000000       0.285817978076172     
   11.6275000000000       0.286368879418495     
   11.6357000000000       0.286803437495348     
   11.6439000000000       0.287138425060636     
   11.6521000000000       0.287461871227571     
   11.6603000000000       0.287855510406952     
   11.6685000000000       0.288314498014364     
   11.6767000000000       0.288746083148042     
   11.6849000000000       0.289050337387632     
   11.6931000000000       0.289194717505628     
   11.7013000000000       0.289202622891684     
   11.7095000000000       0.289081235602820     
   11.7177000000000       0.288783003515803     
   11.7259000000000       0.288262487382879     
   11.7341000000000       0.287565235733566     
   11.7423000000000       0.286828786958556     
   11.7505000000000       0.286201230483439     
   11.7587000000000       0.285751573931852     
   11.7669000000000       0.285446280226498     
   11.7751000000000       0.285185411043387     
   11.7833000000000       0.284871059591880     
   11.7915000000000       0.284460159020015     
   11.7997000000000       0.283951939931208     
   11.8079000000000       0.283314562184602     
   11.8161000000000       0.282465440895318     
   11.8243000000000       0.281370326126950     
   11.8325000000000       0.280094381572886     
   11.8407000000000       0.278757155719219     
   11.8489000000000       0.277471246997849     
   11.8571000000000       0.276315247963247     
   11.8653000000000       0.275328045529858     
   11.8735000000000       0.274502306461117     
   11.8817000000000       0.273816027717806     
   11.8899000000000       0.273260536070500     
   11.8981000000000       0.272825917481132     
   11.9063000000000       0.272461636615393     
   11.9145000000000       0.272107996365125     
   11.9227000000000       0.271704787820842     
   11.9309000000000       0.271185651171834     
   11.9391000000000       0.270495851487697     
   11.9473000000000       0.269662732735823     
   11.9555000000000       0.268798671983392     
   11.9637000000000       0.268034395980954     
   11.9719000000000       0.267458956101557     
   11.9801000000000       0.267084583643341     
   11.9883000000000       0.266860356375460     
   11.9965000000000       0.266720354011998     
   12.0047000000000       0.266617723357158     
   12.0129000000000       0.266521642231514     
   12.0211000000000       0.266387755404733     
   12.0293000000000       0.266162250813429     
   12.0375000000000       0.265823832841810     
   12.0457000000000       0.265388542584500     
   12.0539000000000       0.264855046029974     
   12.0621000000000       0.264208214442372     
   12.0703000000000       0.263469332571978     
   12.0785000000000       0.262707369673183     
   12.0867000000000       0.261997703257712     
   12.0949000000000       0.261395302184514     
   12.1031000000000       0.260898850450966     
   12.1113000000000       0.260453021078996     
   12.1195000000000       0.260011839501573     
   12.1277000000000       0.259573006764400     
   12.1359000000000       0.259149119332598     
   12.1441000000000       0.258692052427608     
   12.1523000000000       0.258068311453006     
   12.1605000000000       0.257135554098744     
   12.1687000000000       0.255853163615231     
   12.1769000000000       0.254308080996738     
   12.1851000000000       0.252655227017780     
   12.1933000000000       0.251046990570567     
   12.2015000000000       0.249578282099575     
   12.2097000000000       0.248259833859085     
   12.2179000000000       0.247046868853120     
   12.2261000000000       0.245907417404962     
   12.2343000000000       0.244845203539394     
   12.2425000000000       0.243872686998747     
   12.2507000000000       0.242979817519221     
   12.2589000000000       0.242156155113917     
   12.2671000000000       0.241418650562684     
   12.2753000000000       0.240799095390968     
   12.2835000000000       0.240285867706947     
   12.2917000000000       0.239799247920456     
   12.2999000000000       0.239254064264265     
   12.3081000000000       0.238612866852500     
   12.3163000000000       0.237870850777465     
   12.3245000000000       0.237030250803956     
   12.3327000000000       0.236099757148091     
   12.3409000000000       0.235085400834432     
   12.3491000000000       0.234012245912171     
   12.3573000000000       0.232944920218163     
   12.3655000000000       0.231977242876757     
   12.3737000000000       0.231185053692685     
   12.3819000000000       0.230586605905603     
   12.3901000000000       0.230124285062239     
   12.3983000000000       0.229691372566802     
   12.4065000000000       0.229216595732246     
   12.4147000000000       0.228708821202154     
   12.4229000000000       0.228204827391446     
   12.4311000000000       0.227705355066241     
   12.4393000000000       0.227175961688919     
   12.4475000000000       0.226592016256181     
   12.4557000000000       0.225951185973749     
   12.4639000000000       0.225276366700227     
   12.4721000000000       0.224608834949337     
   12.4803000000000       0.223993863699127     
   12.4885000000000       0.223471583879890     
   12.4967000000000       0.223078780844160     
   12.5049000000000       0.222831885023311     
   12.5131000000000       0.222705453813896     
   12.5213000000000       0.222657888902168     
   12.5295000000000       0.222663955418788     
   12.5377000000000       0.222702610971594     
   12.5459000000000       0.222752641084220     
   12.5541000000000       0.222769090474925     
   12.5623000000000       0.222673463853924     
   12.5705000000000       0.222601333437728     
   12.5787000000000       0.222333848848935     
   12.5869000000000       0.222461885075988     
   12.5951000000000       0.222115080388570     
   12.6033000000000       0.222625045567792     
   12.6119200000000       0.223306809756132     
   12.6206500000000       0.222896879298103     
   12.6295000000000       0.223663964526465     
   12.6385100000000       0.223995742019931     
   12.6477100000000       0.223926572103349     
   12.6571400000000       0.224266025898463     
   12.6668700000000       0.224313035045592     
   12.6769500000000       0.224525263068072     
   12.6874900000000       0.224751911424694     
   12.6985700000000       0.224847342233947     
   12.7103200000000       0.225005102978220     
   12.7229100000000       0.225104171694640     
   12.7365000000000       0.224967129617759     
   12.7513400000000       0.224604566397318     
   12.7676900000000       0.223722926439045     
   12.7858700000000       0.222270331408054     
   12.8062700000000       0.220572438853195     
   12.8293300000000       0.219164753298374     
   12.8555700000000       0.218538542972686     
   12.8855700000000       0.218489373730869     
   12.9199900000000       0.217346720248472     
   12.9595300000000       0.214018001725309     
   13.0049400000000       0.208403812672321     
   13.0569700000000       0.200736424586113     
   13.1163500000000       0.192346023506504     
   13.1837600000000       0.184837401374347     
   13.2597300000000       0.179533222349095     
   13.3446600000000       0.177493943110018     
   13.4387600000000       0.177167733175630     
   13.5420300000000       0.177162761535197     
   13.6542600000000       0.177458494231793     
   13.7750500000000       0.177456200648917     
   13.9038700000000       0.175187307202683     
   14.0400400000000       0.168886984157822     
   14.1828300000000       0.160577446366512     
   14.3314900000000       0.153480703044482     
   14.4852700000000       0.147483417166510     
   14.6434700000000       0.140701071338847     
   14.8054300000000       0.132668692078607     
   14.9705700000000       0.124035662526621     
   15.1383700000000       0.114839700187963     
   15.3083900000000       0.104964949322970     
   15.4802400000000       9.486557915655391E-002
   15.6536000000000       8.490400747794022E-002
   15.8282100000000       7.545541750551381E-002
   16.0038200000000       6.751670113424467E-002
   16.1802700000000       6.175790723773649E-002
   16.3573900000000       5.736420315494253E-002
   16.5350500000000       5.280428345193216E-002
   16.7131700000000       4.762778079310234E-002
   16.8916400000000       4.272944491436067E-002
   17.0704100000000       3.890201975959329E-002
   17.2494100000000       3.582897510607897E-002
   17.4286000000000       3.269879338762556E-002
   17.6079500000000       2.936222887969462E-002
   17.7874300000000       2.641120231451192E-002
   17.9670000000000       2.373466358494424E-002
   18.1470000000000       1.956768544790534E-002
   18.3270000000000       1.330632032054058E-002
   18.5070000000000       8.288068127503845E-003
   18.6870000000000       6.904878393062942E-003
   18.8670000000000       6.904878393062942E-003
